 Sphere of radius 5 nm and dipole spacing 1 nm 
	515 = number of dipoles in target
 1.000000 0.000000 0.000000 = A_1 vector
 0.000000 1.000000 0.000000 = A_2 vector
 1.000000 1.000000 1.000000 = (d_x,d_y,d_z)/d
 0.000000 0.000000 0.000000 = (x,y,z)/d
 JA  IX  IY  IZ ICOMP(x,y,z)
	1	-6	-5	0	1	1	1
	2	-9	-4	0	1	1	1
	3	-8	-4	-2	1	1	1
	4	-8	-4	-1	1	1	1
	5	-8	-4	0	1	1	1
	6	-8	-4	1	1	1	1
	7	-8	-4	2	1	1	1
	8	-7	-4	-2	1	1	1
	9	-7	-4	-1	1	1	1
	10	-7	-4	0	1	1	1
	11	-7	-4	1	1	1	1
	12	-7	-4	2	1	1	1
	13	-6	-4	-3	1	1	1
	14	-6	-4	-2	1	1	1
	15	-6	-4	-1	1	1	1
	16	-6	-4	0	1	1	1
	17	-6	-4	1	1	1	1
	18	-6	-4	2	1	1	1
	19	-6	-4	3	1	1	1
	20	-5	-4	-2	1	1	1
	21	-5	-4	-1	1	1	1
	22	-5	-4	0	1	1	1
	23	-5	-4	1	1	1	1
	24	-5	-4	2	1	1	1
	25	-4	-4	-2	1	1	1
	26	-4	-4	-1	1	1	1
	27	-4	-4	0	1	1	1
	28	-4	-4	1	1	1	1
	29	-4	-4	2	1	1	1
	30	-3	-4	0	1	1	1
	31	-10	-3	0	1	1	1
	32	-9	-3	-2	1	1	1
	33	-9	-3	-1	1	1	1
	34	-9	-3	0	1	1	1
	35	-9	-3	1	1	1	1
	36	-9	-3	2	1	1	1
	37	-8	-3	-3	1	1	1
	38	-8	-3	-2	1	1	1
	39	-8	-3	-1	1	1	1
	40	-8	-3	0	1	1	1
	41	-8	-3	1	1	1	1
	42	-8	-3	2	1	1	1
	43	-8	-3	3	1	1	1
	44	-7	-3	-3	1	1	1
	45	-7	-3	-2	1	1	1
	46	-7	-3	-1	1	1	1
	47	-7	-3	0	1	1	1
	48	-7	-3	1	1	1	1
	49	-7	-3	2	1	1	1
	50	-7	-3	3	1	1	1
	51	-6	-3	-4	1	1	1
	52	-6	-3	-3	1	1	1
	53	-6	-3	-2	1	1	1
	54	-6	-3	-1	1	1	1
	55	-6	-3	0	1	1	1
	56	-6	-3	1	1	1	1
	57	-6	-3	2	1	1	1
	58	-6	-3	3	1	1	1
	59	-6	-3	4	1	1	1
	60	-5	-3	-3	1	1	1
	61	-5	-3	-2	1	1	1
	62	-5	-3	-1	1	1	1
	63	-5	-3	0	1	1	1
	64	-5	-3	1	1	1	1
	65	-5	-3	2	1	1	1
	66	-5	-3	3	1	1	1
	67	-4	-3	-3	1	1	1
	68	-4	-3	-2	1	1	1
	69	-4	-3	-1	1	1	1
	70	-4	-3	0	1	1	1
	71	-4	-3	1	1	1	1
	72	-4	-3	2	1	1	1
	73	-4	-3	3	1	1	1
	74	-3	-3	-2	1	1	1
	75	-3	-3	-1	1	1	1
	76	-3	-3	0	1	1	1
	77	-3	-3	1	1	1	1
	78	-3	-3	2	1	1	1
	79	-2	-3	0	1	1	1
	80	-10	-2	-2	1	1	1
	81	-10	-2	-1	1	1	1
	82	-10	-2	0	1	1	1
	83	-10	-2	1	1	1	1
	84	-10	-2	2	1	1	1
	85	-9	-2	-3	1	1	1
	86	-9	-2	-2	1	1	1
	87	-9	-2	-1	1	1	1
	88	-9	-2	0	1	1	1
	89	-9	-2	1	1	1	1
	90	-9	-2	2	1	1	1
	91	-9	-2	3	1	1	1
	92	-8	-2	-4	1	1	1
	93	-8	-2	-3	1	1	1
	94	-8	-2	-2	1	1	1
	95	-8	-2	-1	1	1	1
	96	-8	-2	0	1	1	1
	97	-8	-2	1	1	1	1
	98	-8	-2	2	1	1	1
	99	-8	-2	3	1	1	1
	100	-8	-2	4	1	1	1
	101	-7	-2	-4	1	1	1
	102	-7	-2	-3	1	1	1
	103	-7	-2	-2	1	1	1
	104	-7	-2	-1	1	1	1
	105	-7	-2	0	1	1	1
	106	-7	-2	1	1	1	1
	107	-7	-2	2	1	1	1
	108	-7	-2	3	1	1	1
	109	-7	-2	4	1	1	1
	110	-6	-2	-4	1	1	1
	111	-6	-2	-3	1	1	1
	112	-6	-2	-2	1	1	1
	113	-6	-2	-1	1	1	1
	114	-6	-2	0	1	1	1
	115	-6	-2	1	1	1	1
	116	-6	-2	2	1	1	1
	117	-6	-2	3	1	1	1
	118	-6	-2	4	1	1	1
	119	-5	-2	-4	1	1	1
	120	-5	-2	-3	1	1	1
	121	-5	-2	-2	1	1	1
	122	-5	-2	-1	1	1	1
	123	-5	-2	0	1	1	1
	124	-5	-2	1	1	1	1
	125	-5	-2	2	1	1	1
	126	-5	-2	3	1	1	1
	127	-5	-2	4	1	1	1
	128	-4	-2	-4	1	1	1
	129	-4	-2	-3	1	1	1
	130	-4	-2	-2	1	1	1
	131	-4	-2	-1	1	1	1
	132	-4	-2	0	1	1	1
	133	-4	-2	1	1	1	1
	134	-4	-2	2	1	1	1
	135	-4	-2	3	1	1	1
	136	-4	-2	4	1	1	1
	137	-3	-2	-3	1	1	1
	138	-3	-2	-2	1	1	1
	139	-3	-2	-1	1	1	1
	140	-3	-2	0	1	1	1
	141	-3	-2	1	1	1	1
	142	-3	-2	2	1	1	1
	143	-3	-2	3	1	1	1
	144	-2	-2	-2	1	1	1
	145	-2	-2	-1	1	1	1
	146	-2	-2	0	1	1	1
	147	-2	-2	1	1	1	1
	148	-2	-2	2	1	1	1
	149	-10	-1	-2	1	1	1
	150	-10	-1	-1	1	1	1
	151	-10	-1	0	1	1	1
	152	-10	-1	1	1	1	1
	153	-10	-1	2	1	1	1
	154	-9	-1	-3	1	1	1
	155	-9	-1	-2	1	1	1
	156	-9	-1	-1	1	1	1
	157	-9	-1	0	1	1	1
	158	-9	-1	1	1	1	1
	159	-9	-1	2	1	1	1
	160	-9	-1	3	1	1	1
	161	-8	-1	-4	1	1	1
	162	-8	-1	-3	1	1	1
	163	-8	-1	-2	1	1	1
	164	-8	-1	-1	1	1	1
	165	-8	-1	0	1	1	1
	166	-8	-1	1	1	1	1
	167	-8	-1	2	1	1	1
	168	-8	-1	3	1	1	1
	169	-8	-1	4	1	1	1
	170	-7	-1	-4	1	1	1
	171	-7	-1	-3	1	1	1
	172	-7	-1	-2	1	1	1
	173	-7	-1	-1	1	1	1
	174	-7	-1	0	1	1	1
	175	-7	-1	1	1	1	1
	176	-7	-1	2	1	1	1
	177	-7	-1	3	1	1	1
	178	-7	-1	4	1	1	1
	179	-6	-1	-4	1	1	1
	180	-6	-1	-3	1	1	1
	181	-6	-1	-2	1	1	1
	182	-6	-1	-1	1	1	1
	183	-6	-1	0	1	1	1
	184	-6	-1	1	1	1	1
	185	-6	-1	2	1	1	1
	186	-6	-1	3	1	1	1
	187	-6	-1	4	1	1	1
	188	-5	-1	-4	1	1	1
	189	-5	-1	-3	1	1	1
	190	-5	-1	-2	1	1	1
	191	-5	-1	-1	1	1	1
	192	-5	-1	0	1	1	1
	193	-5	-1	1	1	1	1
	194	-5	-1	2	1	1	1
	195	-5	-1	3	1	1	1
	196	-5	-1	4	1	1	1
	197	-4	-1	-4	1	1	1
	198	-4	-1	-3	1	1	1
	199	-4	-1	-2	1	1	1
	200	-4	-1	-1	1	1	1
	201	-4	-1	0	1	1	1
	202	-4	-1	1	1	1	1
	203	-4	-1	2	1	1	1
	204	-4	-1	3	1	1	1
	205	-4	-1	4	1	1	1
	206	-3	-1	-3	1	1	1
	207	-3	-1	-2	1	1	1
	208	-3	-1	-1	1	1	1
	209	-3	-1	0	1	1	1
	210	-3	-1	1	1	1	1
	211	-3	-1	2	1	1	1
	212	-3	-1	3	1	1	1
	213	-2	-1	-2	1	1	1
	214	-2	-1	-1	1	1	1
	215	-2	-1	0	1	1	1
	216	-2	-1	1	1	1	1
	217	-2	-1	2	1	1	1
	218	-11	0	0	1	1	1
	219	-10	0	-3	1	1	1
	220	-10	0	-2	1	1	1
	221	-10	0	-1	1	1	1
	222	-10	0	0	1	1	1
	223	-10	0	1	1	1	1
	224	-10	0	2	1	1	1
	225	-10	0	3	1	1	1
	226	-9	0	-4	1	1	1
	227	-9	0	-3	1	1	1
	228	-9	0	-2	1	1	1
	229	-9	0	-1	1	1	1
	230	-9	0	0	1	1	1
	231	-9	0	1	1	1	1
	232	-9	0	2	1	1	1
	233	-9	0	3	1	1	1
	234	-9	0	4	1	1	1
	235	-8	0	-4	1	1	1
	236	-8	0	-3	1	1	1
	237	-8	0	-2	1	1	1
	238	-8	0	-1	1	1	1
	239	-8	0	0	1	1	1
	240	-8	0	1	1	1	1
	241	-8	0	2	1	1	1
	242	-8	0	3	1	1	1
	243	-8	0	4	1	1	1
	244	-7	0	-4	1	1	1
	245	-7	0	-3	1	1	1
	246	-7	0	-2	1	1	1
	247	-7	0	-1	1	1	1
	248	-7	0	0	1	1	1
	249	-7	0	1	1	1	1
	250	-7	0	2	1	1	1
	251	-7	0	3	1	1	1
	252	-7	0	4	1	1	1
	253	-6	0	-5	1	1	1
	254	-6	0	-4	1	1	1
	255	-6	0	-3	1	1	1
	256	-6	0	-2	1	1	1
	257	-6	0	-1	1	1	1
	258	-6	0	0	1	1	1
	259	-6	0	1	1	1	1
	260	-6	0	2	1	1	1
	261	-6	0	3	1	1	1
	262	-6	0	4	1	1	1
	263	-6	0	5	1	1	1
	264	-5	0	-4	1	1	1
	265	-5	0	-3	1	1	1
	266	-5	0	-2	1	1	1
	267	-5	0	-1	1	1	1
	268	-5	0	0	1	1	1
	269	-5	0	1	1	1	1
	270	-5	0	2	1	1	1
	271	-5	0	3	1	1	1
	272	-5	0	4	1	1	1
	273	-4	0	-4	1	1	1
	274	-4	0	-3	1	1	1
	275	-4	0	-2	1	1	1
	276	-4	0	-1	1	1	1
	277	-4	0	0	1	1	1
	278	-4	0	1	1	1	1
	279	-4	0	2	1	1	1
	280	-4	0	3	1	1	1
	281	-4	0	4	1	1	1
	282	-3	0	-4	1	1	1
	283	-3	0	-3	1	1	1
	284	-3	0	-2	1	1	1
	285	-3	0	-1	1	1	1
	286	-3	0	0	1	1	1
	287	-3	0	1	1	1	1
	288	-3	0	2	1	1	1
	289	-3	0	3	1	1	1
	290	-3	0	4	1	1	1
	291	-2	0	-3	1	1	1
	292	-2	0	-2	1	1	1
	293	-2	0	-1	1	1	1
	294	-2	0	0	1	1	1
	295	-2	0	1	1	1	1
	296	-2	0	2	1	1	1
	297	-2	0	3	1	1	1
	298	-1	0	0	1	1	1
	299	-10	1	-2	1	1	1
	300	-10	1	-1	1	1	1
	301	-10	1	0	1	1	1
	302	-10	1	1	1	1	1
	303	-10	1	2	1	1	1
	304	-9	1	-3	1	1	1
	305	-9	1	-2	1	1	1
	306	-9	1	-1	1	1	1
	307	-9	1	0	1	1	1
	308	-9	1	1	1	1	1
	309	-9	1	2	1	1	1
	310	-9	1	3	1	1	1
	311	-8	1	-4	1	1	1
	312	-8	1	-3	1	1	1
	313	-8	1	-2	1	1	1
	314	-8	1	-1	1	1	1
	315	-8	1	0	1	1	1
	316	-8	1	1	1	1	1
	317	-8	1	2	1	1	1
	318	-8	1	3	1	1	1
	319	-8	1	4	1	1	1
	320	-7	1	-4	1	1	1
	321	-7	1	-3	1	1	1
	322	-7	1	-2	1	1	1
	323	-7	1	-1	1	1	1
	324	-7	1	0	1	1	1
	325	-7	1	1	1	1	1
	326	-7	1	2	1	1	1
	327	-7	1	3	1	1	1
	328	-7	1	4	1	1	1
	329	-6	1	-4	1	1	1
	330	-6	1	-3	1	1	1
	331	-6	1	-2	1	1	1
	332	-6	1	-1	1	1	1
	333	-6	1	0	1	1	1
	334	-6	1	1	1	1	1
	335	-6	1	2	1	1	1
	336	-6	1	3	1	1	1
	337	-6	1	4	1	1	1
	338	-5	1	-4	1	1	1
	339	-5	1	-3	1	1	1
	340	-5	1	-2	1	1	1
	341	-5	1	-1	1	1	1
	342	-5	1	0	1	1	1
	343	-5	1	1	1	1	1
	344	-5	1	2	1	1	1
	345	-5	1	3	1	1	1
	346	-5	1	4	1	1	1
	347	-4	1	-4	1	1	1
	348	-4	1	-3	1	1	1
	349	-4	1	-2	1	1	1
	350	-4	1	-1	1	1	1
	351	-4	1	0	1	1	1
	352	-4	1	1	1	1	1
	353	-4	1	2	1	1	1
	354	-4	1	3	1	1	1
	355	-4	1	4	1	1	1
	356	-3	1	-3	1	1	1
	357	-3	1	-2	1	1	1
	358	-3	1	-1	1	1	1
	359	-3	1	0	1	1	1
	360	-3	1	1	1	1	1
	361	-3	1	2	1	1	1
	362	-3	1	3	1	1	1
	363	-2	1	-2	1	1	1
	364	-2	1	-1	1	1	1
	365	-2	1	0	1	1	1
	366	-2	1	1	1	1	1
	367	-2	1	2	1	1	1
	368	-10	2	-2	1	1	1
	369	-10	2	-1	1	1	1
	370	-10	2	0	1	1	1
	371	-10	2	1	1	1	1
	372	-10	2	2	1	1	1
	373	-9	2	-3	1	1	1
	374	-9	2	-2	1	1	1
	375	-9	2	-1	1	1	1
	376	-9	2	0	1	1	1
	377	-9	2	1	1	1	1
	378	-9	2	2	1	1	1
	379	-9	2	3	1	1	1
	380	-8	2	-4	1	1	1
	381	-8	2	-3	1	1	1
	382	-8	2	-2	1	1	1
	383	-8	2	-1	1	1	1
	384	-8	2	0	1	1	1
	385	-8	2	1	1	1	1
	386	-8	2	2	1	1	1
	387	-8	2	3	1	1	1
	388	-8	2	4	1	1	1
	389	-7	2	-4	1	1	1
	390	-7	2	-3	1	1	1
	391	-7	2	-2	1	1	1
	392	-7	2	-1	1	1	1
	393	-7	2	0	1	1	1
	394	-7	2	1	1	1	1
	395	-7	2	2	1	1	1
	396	-7	2	3	1	1	1
	397	-7	2	4	1	1	1
	398	-6	2	-4	1	1	1
	399	-6	2	-3	1	1	1
	400	-6	2	-2	1	1	1
	401	-6	2	-1	1	1	1
	402	-6	2	0	1	1	1
	403	-6	2	1	1	1	1
	404	-6	2	2	1	1	1
	405	-6	2	3	1	1	1
	406	-6	2	4	1	1	1
	407	-5	2	-4	1	1	1
	408	-5	2	-3	1	1	1
	409	-5	2	-2	1	1	1
	410	-5	2	-1	1	1	1
	411	-5	2	0	1	1	1
	412	-5	2	1	1	1	1
	413	-5	2	2	1	1	1
	414	-5	2	3	1	1	1
	415	-5	2	4	1	1	1
	416	-4	2	-4	1	1	1
	417	-4	2	-3	1	1	1
	418	-4	2	-2	1	1	1
	419	-4	2	-1	1	1	1
	420	-4	2	0	1	1	1
	421	-4	2	1	1	1	1
	422	-4	2	2	1	1	1
	423	-4	2	3	1	1	1
	424	-4	2	4	1	1	1
	425	-3	2	-3	1	1	1
	426	-3	2	-2	1	1	1
	427	-3	2	-1	1	1	1
	428	-3	2	0	1	1	1
	429	-3	2	1	1	1	1
	430	-3	2	2	1	1	1
	431	-3	2	3	1	1	1
	432	-2	2	-2	1	1	1
	433	-2	2	-1	1	1	1
	434	-2	2	0	1	1	1
	435	-2	2	1	1	1	1
	436	-2	2	2	1	1	1
	437	-10	3	0	1	1	1
	438	-9	3	-2	1	1	1
	439	-9	3	-1	1	1	1
	440	-9	3	0	1	1	1
	441	-9	3	1	1	1	1
	442	-9	3	2	1	1	1
	443	-8	3	-3	1	1	1
	444	-8	3	-2	1	1	1
	445	-8	3	-1	1	1	1
	446	-8	3	0	1	1	1
	447	-8	3	1	1	1	1
	448	-8	3	2	1	1	1
	449	-8	3	3	1	1	1
	450	-7	3	-3	1	1	1
	451	-7	3	-2	1	1	1
	452	-7	3	-1	1	1	1
	453	-7	3	0	1	1	1
	454	-7	3	1	1	1	1
	455	-7	3	2	1	1	1
	456	-7	3	3	1	1	1
	457	-6	3	-4	1	1	1
	458	-6	3	-3	1	1	1
	459	-6	3	-2	1	1	1
	460	-6	3	-1	1	1	1
	461	-6	3	0	1	1	1
	462	-6	3	1	1	1	1
	463	-6	3	2	1	1	1
	464	-6	3	3	1	1	1
	465	-6	3	4	1	1	1
	466	-5	3	-3	1	1	1
	467	-5	3	-2	1	1	1
	468	-5	3	-1	1	1	1
	469	-5	3	0	1	1	1
	470	-5	3	1	1	1	1
	471	-5	3	2	1	1	1
	472	-5	3	3	1	1	1
	473	-4	3	-3	1	1	1
	474	-4	3	-2	1	1	1
	475	-4	3	-1	1	1	1
	476	-4	3	0	1	1	1
	477	-4	3	1	1	1	1
	478	-4	3	2	1	1	1
	479	-4	3	3	1	1	1
	480	-3	3	-2	1	1	1
	481	-3	3	-1	1	1	1
	482	-3	3	0	1	1	1
	483	-3	3	1	1	1	1
	484	-3	3	2	1	1	1
	485	-2	3	0	1	1	1
	486	-9	4	0	1	1	1
	487	-8	4	-2	1	1	1
	488	-8	4	-1	1	1	1
	489	-8	4	0	1	1	1
	490	-8	4	1	1	1	1
	491	-8	4	2	1	1	1
	492	-7	4	-2	1	1	1
	493	-7	4	-1	1	1	1
	494	-7	4	0	1	1	1
	495	-7	4	1	1	1	1
	496	-7	4	2	1	1	1
	497	-6	4	-3	1	1	1
	498	-6	4	-2	1	1	1
	499	-6	4	-1	1	1	1
	500	-6	4	0	1	1	1
	501	-6	4	1	1	1	1
	502	-6	4	2	1	1	1
	503	-6	4	3	1	1	1
	504	-5	4	-2	1	1	1
	505	-5	4	-1	1	1	1
	506	-5	4	0	1	1	1
	507	-5	4	1	1	1	1
	508	-5	4	2	1	1	1
	509	-4	4	-2	1	1	1
	510	-4	4	-1	1	1	1
	511	-4	4	0	1	1	1
	512	-4	4	1	1	1	1
	513	-4	4	2	1	1	1
	514	-3	4	0	1	1	1
	515	-6	5	0	1	1	1
