     -6      0     -5       0.000000E+000       0.000000E+000       9.974624E-001      -7.119493E-002       0.000000E+000       0.000000E+000
     -6     -3     -4       0.000000E+000       0.000000E+000       9.974624E-001      -7.119493E-002       0.000000E+000       0.000000E+000
     -8     -2     -4       0.000000E+000       0.000000E+000       9.954902E-001      -9.486408E-002       0.000000E+000       0.000000E+000
     -7     -2     -4       0.000000E+000       0.000000E+000       9.965466E-001      -8.303536E-002       0.000000E+000       0.000000E+000
     -6     -2     -4       0.000000E+000       0.000000E+000       9.974624E-001      -7.119493E-002       0.000000E+000       0.000000E+000
     -5     -2     -4       0.000000E+000       0.000000E+000       9.982376E-001      -5.934445E-002       0.000000E+000       0.000000E+000
     -4     -2     -4       0.000000E+000       0.000000E+000       9.988719E-001      -4.748561E-002       0.000000E+000       0.000000E+000
     -8     -1     -4       0.000000E+000       0.000000E+000       9.954902E-001      -9.486408E-002       0.000000E+000       0.000000E+000
     -7     -1     -4       0.000000E+000       0.000000E+000       9.965466E-001      -8.303536E-002       0.000000E+000       0.000000E+000
     -6     -1     -4       0.000000E+000       0.000000E+000       9.974624E-001      -7.119493E-002       0.000000E+000       0.000000E+000
     -5     -1     -4       0.000000E+000       0.000000E+000       9.982376E-001      -5.934445E-002       0.000000E+000       0.000000E+000
     -4     -1     -4       0.000000E+000       0.000000E+000       9.988719E-001      -4.748561E-002       0.000000E+000       0.000000E+000
     -9      0     -4       0.000000E+000       0.000000E+000       9.942935E-001      -1.066794E-001       0.000000E+000       0.000000E+000
     -8      0     -4       0.000000E+000       0.000000E+000       9.954902E-001      -9.486408E-002       0.000000E+000       0.000000E+000
     -7      0     -4       0.000000E+000       0.000000E+000       9.965466E-001      -8.303536E-002       0.000000E+000       0.000000E+000
     -6      0     -4       0.000000E+000       0.000000E+000       9.974624E-001      -7.119493E-002       0.000000E+000       0.000000E+000
     -5      0     -4       0.000000E+000       0.000000E+000       9.982376E-001      -5.934445E-002       0.000000E+000       0.000000E+000
     -4      0     -4       0.000000E+000       0.000000E+000       9.988719E-001      -4.748561E-002       0.000000E+000       0.000000E+000
     -3      0     -4       0.000000E+000       0.000000E+000       9.993654E-001      -3.562007E-002       0.000000E+000       0.000000E+000
     -8      1     -4       0.000000E+000       0.000000E+000       9.954902E-001      -9.486408E-002       0.000000E+000       0.000000E+000
     -7      1     -4       0.000000E+000       0.000000E+000       9.965466E-001      -8.303536E-002       0.000000E+000       0.000000E+000
     -6      1     -4       0.000000E+000       0.000000E+000       9.974624E-001      -7.119493E-002       0.000000E+000       0.000000E+000
     -5      1     -4       0.000000E+000       0.000000E+000       9.982376E-001      -5.934445E-002       0.000000E+000       0.000000E+000
     -4      1     -4       0.000000E+000       0.000000E+000       9.988719E-001      -4.748561E-002       0.000000E+000       0.000000E+000
     -8      2     -4       0.000000E+000       0.000000E+000       9.954902E-001      -9.486408E-002       0.000000E+000       0.000000E+000
     -7      2     -4       0.000000E+000       0.000000E+000       9.965466E-001      -8.303536E-002       0.000000E+000       0.000000E+000
     -6      2     -4       0.000000E+000       0.000000E+000       9.974624E-001      -7.119493E-002       0.000000E+000       0.000000E+000
     -5      2     -4       0.000000E+000       0.000000E+000       9.982376E-001      -5.934445E-002       0.000000E+000       0.000000E+000
     -4      2     -4       0.000000E+000       0.000000E+000       9.988719E-001      -4.748561E-002       0.000000E+000       0.000000E+000
     -6      3     -4       0.000000E+000       0.000000E+000       9.974624E-001      -7.119493E-002       0.000000E+000       0.000000E+000
     -6     -4     -3       0.000000E+000       0.000000E+000       9.974624E-001      -7.119493E-002       0.000000E+000       0.000000E+000
     -8     -3     -3       0.000000E+000       0.000000E+000       9.954902E-001      -9.486408E-002       0.000000E+000       0.000000E+000
     -7     -3     -3       0.000000E+000       0.000000E+000       9.965466E-001      -8.303536E-002       0.000000E+000       0.000000E+000
     -6     -3     -3       0.000000E+000       0.000000E+000       9.974624E-001      -7.119493E-002       0.000000E+000       0.000000E+000
     -5     -3     -3       0.000000E+000       0.000000E+000       9.982376E-001      -5.934445E-002       0.000000E+000       0.000000E+000
     -4     -3     -3       0.000000E+000       0.000000E+000       9.988719E-001      -4.748561E-002       0.000000E+000       0.000000E+000
     -9     -2     -3       0.000000E+000       0.000000E+000       9.942935E-001      -1.066794E-001       0.000000E+000       0.000000E+000
     -8     -2     -3       0.000000E+000       0.000000E+000       9.954902E-001      -9.486408E-002       0.000000E+000       0.000000E+000
     -7     -2     -3       0.000000E+000       0.000000E+000       9.965466E-001      -8.303536E-002       0.000000E+000       0.000000E+000
     -6     -2     -3       0.000000E+000       0.000000E+000       9.974624E-001      -7.119493E-002       0.000000E+000       0.000000E+000
     -5     -2     -3       0.000000E+000       0.000000E+000       9.982376E-001      -5.934445E-002       0.000000E+000       0.000000E+000
     -4     -2     -3       0.000000E+000       0.000000E+000       9.988719E-001      -4.748561E-002       0.000000E+000       0.000000E+000
     -3     -2     -3       0.000000E+000       0.000000E+000       9.993654E-001      -3.562007E-002       0.000000E+000       0.000000E+000
     -9     -1     -3       0.000000E+000       0.000000E+000       9.942935E-001      -1.066794E-001       0.000000E+000       0.000000E+000
     -8     -1     -3       0.000000E+000       0.000000E+000       9.954902E-001      -9.486408E-002       0.000000E+000       0.000000E+000
     -7     -1     -3       0.000000E+000       0.000000E+000       9.965466E-001      -8.303536E-002       0.000000E+000       0.000000E+000
     -6     -1     -3       0.000000E+000       0.000000E+000       9.974624E-001      -7.119493E-002       0.000000E+000       0.000000E+000
     -5     -1     -3       0.000000E+000       0.000000E+000       9.982376E-001      -5.934445E-002       0.000000E+000       0.000000E+000
     -4     -1     -3       0.000000E+000       0.000000E+000       9.988719E-001      -4.748561E-002       0.000000E+000       0.000000E+000
     -3     -1     -3       0.000000E+000       0.000000E+000       9.993654E-001      -3.562007E-002       0.000000E+000       0.000000E+000
    -10      0     -3       0.000000E+000       0.000000E+000       9.929565E-001      -1.184797E-001       0.000000E+000       0.000000E+000
     -9      0     -3       0.000000E+000       0.000000E+000       9.942935E-001      -1.066794E-001       0.000000E+000       0.000000E+000
     -8      0     -3       0.000000E+000       0.000000E+000       9.954902E-001      -9.486408E-002       0.000000E+000       0.000000E+000
     -7      0     -3       0.000000E+000       0.000000E+000       9.965466E-001      -8.303536E-002       0.000000E+000       0.000000E+000
     -6      0     -3       0.000000E+000       0.000000E+000       9.974624E-001      -7.119493E-002       0.000000E+000       0.000000E+000
     -5      0     -3       0.000000E+000       0.000000E+000       9.982376E-001      -5.934445E-002       0.000000E+000       0.000000E+000
     -4      0     -3       0.000000E+000       0.000000E+000       9.988719E-001      -4.748561E-002       0.000000E+000       0.000000E+000
     -3      0     -3       0.000000E+000       0.000000E+000       9.993654E-001      -3.562007E-002       0.000000E+000       0.000000E+000
     -2      0     -3       0.000000E+000       0.000000E+000       9.997179E-001      -2.374950E-002       0.000000E+000       0.000000E+000
     -9      1     -3       0.000000E+000       0.000000E+000       9.942935E-001      -1.066794E-001       0.000000E+000       0.000000E+000
     -8      1     -3       0.000000E+000       0.000000E+000       9.954902E-001      -9.486408E-002       0.000000E+000       0.000000E+000
     -7      1     -3       0.000000E+000       0.000000E+000       9.965466E-001      -8.303536E-002       0.000000E+000       0.000000E+000
     -6      1     -3       0.000000E+000       0.000000E+000       9.974624E-001      -7.119493E-002       0.000000E+000       0.000000E+000
     -5      1     -3       0.000000E+000       0.000000E+000       9.982376E-001      -5.934445E-002       0.000000E+000       0.000000E+000
     -4      1     -3       0.000000E+000       0.000000E+000       9.988719E-001      -4.748561E-002       0.000000E+000       0.000000E+000
     -3      1     -3       0.000000E+000       0.000000E+000       9.993654E-001      -3.562007E-002       0.000000E+000       0.000000E+000
     -9      2     -3       0.000000E+000       0.000000E+000       9.942935E-001      -1.066794E-001       0.000000E+000       0.000000E+000
     -8      2     -3       0.000000E+000       0.000000E+000       9.954902E-001      -9.486408E-002       0.000000E+000       0.000000E+000
     -7      2     -3       0.000000E+000       0.000000E+000       9.965466E-001      -8.303536E-002       0.000000E+000       0.000000E+000
     -6      2     -3       0.000000E+000       0.000000E+000       9.974624E-001      -7.119493E-002       0.000000E+000       0.000000E+000
     -5      2     -3       0.000000E+000       0.000000E+000       9.982376E-001      -5.934445E-002       0.000000E+000       0.000000E+000
     -4      2     -3       0.000000E+000       0.000000E+000       9.988719E-001      -4.748561E-002       0.000000E+000       0.000000E+000
     -3      2     -3       0.000000E+000       0.000000E+000       9.993654E-001      -3.562007E-002       0.000000E+000       0.000000E+000
     -8      3     -3       0.000000E+000       0.000000E+000       9.954902E-001      -9.486408E-002       0.000000E+000       0.000000E+000
     -7      3     -3       0.000000E+000       0.000000E+000       9.965466E-001      -8.303536E-002       0.000000E+000       0.000000E+000
     -6      3     -3       0.000000E+000       0.000000E+000       9.974624E-001      -7.119493E-002       0.000000E+000       0.000000E+000
     -5      3     -3       0.000000E+000       0.000000E+000       9.982376E-001      -5.934445E-002       0.000000E+000       0.000000E+000
     -4      3     -3       0.000000E+000       0.000000E+000       9.988719E-001      -4.748561E-002       0.000000E+000       0.000000E+000
     -6      4     -3       0.000000E+000       0.000000E+000       9.974624E-001      -7.119493E-002       0.000000E+000       0.000000E+000
     -8     -4     -2       0.000000E+000       0.000000E+000       9.954902E-001      -9.486408E-002       0.000000E+000       0.000000E+000
     -7     -4     -2       0.000000E+000       0.000000E+000       9.965466E-001      -8.303536E-002       0.000000E+000       0.000000E+000
     -6     -4     -2       0.000000E+000       0.000000E+000       9.974624E-001      -7.119493E-002       0.000000E+000       0.000000E+000
     -5     -4     -2       0.000000E+000       0.000000E+000       9.982376E-001      -5.934445E-002       0.000000E+000       0.000000E+000
     -4     -4     -2       0.000000E+000       0.000000E+000       9.988719E-001      -4.748561E-002       0.000000E+000       0.000000E+000
     -9     -3     -2       0.000000E+000       0.000000E+000       9.942935E-001      -1.066794E-001       0.000000E+000       0.000000E+000
     -8     -3     -2       0.000000E+000       0.000000E+000       9.954902E-001      -9.486408E-002       0.000000E+000       0.000000E+000
     -7     -3     -2       0.000000E+000       0.000000E+000       9.965466E-001      -8.303536E-002       0.000000E+000       0.000000E+000
     -6     -3     -2       0.000000E+000       0.000000E+000       9.974624E-001      -7.119493E-002       0.000000E+000       0.000000E+000
     -5     -3     -2       0.000000E+000       0.000000E+000       9.982376E-001      -5.934445E-002       0.000000E+000       0.000000E+000
     -4     -3     -2       0.000000E+000       0.000000E+000       9.988719E-001      -4.748561E-002       0.000000E+000       0.000000E+000
     -3     -3     -2       0.000000E+000       0.000000E+000       9.993654E-001      -3.562007E-002       0.000000E+000       0.000000E+000
    -10     -2     -2       0.000000E+000       0.000000E+000       9.929565E-001      -1.184797E-001       0.000000E+000       0.000000E+000
     -9     -2     -2       0.000000E+000       0.000000E+000       9.942935E-001      -1.066794E-001       0.000000E+000       0.000000E+000
     -8     -2     -2       0.000000E+000       0.000000E+000       9.954902E-001      -9.486408E-002       0.000000E+000       0.000000E+000
     -7     -2     -2       0.000000E+000       0.000000E+000       9.965466E-001      -8.303536E-002       0.000000E+000       0.000000E+000
     -6     -2     -2       0.000000E+000       0.000000E+000       9.974624E-001      -7.119493E-002       0.000000E+000       0.000000E+000
     -5     -2     -2       0.000000E+000       0.000000E+000       9.982376E-001      -5.934445E-002       0.000000E+000       0.000000E+000
     -4     -2     -2       0.000000E+000       0.000000E+000       9.988719E-001      -4.748561E-002       0.000000E+000       0.000000E+000
     -3     -2     -2       0.000000E+000       0.000000E+000       9.993654E-001      -3.562007E-002       0.000000E+000       0.000000E+000
     -2     -2     -2       0.000000E+000       0.000000E+000       9.997179E-001      -2.374950E-002       0.000000E+000       0.000000E+000
    -10     -1     -2       0.000000E+000       0.000000E+000       9.929565E-001      -1.184797E-001       0.000000E+000       0.000000E+000
     -9     -1     -2       0.000000E+000       0.000000E+000       9.942935E-001      -1.066794E-001       0.000000E+000       0.000000E+000
     -8     -1     -2       0.000000E+000       0.000000E+000       9.954902E-001      -9.486408E-002       0.000000E+000       0.000000E+000
     -7     -1     -2       0.000000E+000       0.000000E+000       9.965466E-001      -8.303536E-002       0.000000E+000       0.000000E+000
     -6     -1     -2       0.000000E+000       0.000000E+000       9.974624E-001      -7.119493E-002       0.000000E+000       0.000000E+000
     -5     -1     -2       0.000000E+000       0.000000E+000       9.982376E-001      -5.934445E-002       0.000000E+000       0.000000E+000
     -4     -1     -2       0.000000E+000       0.000000E+000       9.988719E-001      -4.748561E-002       0.000000E+000       0.000000E+000
     -3     -1     -2       0.000000E+000       0.000000E+000       9.993654E-001      -3.562007E-002       0.000000E+000       0.000000E+000
     -2     -1     -2       0.000000E+000       0.000000E+000       9.997179E-001      -2.374950E-002       0.000000E+000       0.000000E+000
    -10      0     -2       0.000000E+000       0.000000E+000       9.929565E-001      -1.184797E-001       0.000000E+000       0.000000E+000
     -9      0     -2       0.000000E+000       0.000000E+000       9.942935E-001      -1.066794E-001       0.000000E+000       0.000000E+000
     -8      0     -2       0.000000E+000       0.000000E+000       9.954902E-001      -9.486408E-002       0.000000E+000       0.000000E+000
     -7      0     -2       0.000000E+000       0.000000E+000       9.965466E-001      -8.303536E-002       0.000000E+000       0.000000E+000
     -6      0     -2       0.000000E+000       0.000000E+000       9.974624E-001      -7.119493E-002       0.000000E+000       0.000000E+000
     -5      0     -2       0.000000E+000       0.000000E+000       9.982376E-001      -5.934445E-002       0.000000E+000       0.000000E+000
     -4      0     -2       0.000000E+000       0.000000E+000       9.988719E-001      -4.748561E-002       0.000000E+000       0.000000E+000
     -3      0     -2       0.000000E+000       0.000000E+000       9.993654E-001      -3.562007E-002       0.000000E+000       0.000000E+000
     -2      0     -2       0.000000E+000       0.000000E+000       9.997179E-001      -2.374950E-002       0.000000E+000       0.000000E+000
    -10      1     -2       0.000000E+000       0.000000E+000       9.929565E-001      -1.184797E-001       0.000000E+000       0.000000E+000
     -9      1     -2       0.000000E+000       0.000000E+000       9.942935E-001      -1.066794E-001       0.000000E+000       0.000000E+000
     -8      1     -2       0.000000E+000       0.000000E+000       9.954902E-001      -9.486408E-002       0.000000E+000       0.000000E+000
     -7      1     -2       0.000000E+000       0.000000E+000       9.965466E-001      -8.303536E-002       0.000000E+000       0.000000E+000
     -6      1     -2       0.000000E+000       0.000000E+000       9.974624E-001      -7.119493E-002       0.000000E+000       0.000000E+000
     -5      1     -2       0.000000E+000       0.000000E+000       9.982376E-001      -5.934445E-002       0.000000E+000       0.000000E+000
     -4      1     -2       0.000000E+000       0.000000E+000       9.988719E-001      -4.748561E-002       0.000000E+000       0.000000E+000
     -3      1     -2       0.000000E+000       0.000000E+000       9.993654E-001      -3.562007E-002       0.000000E+000       0.000000E+000
     -2      1     -2       0.000000E+000       0.000000E+000       9.997179E-001      -2.374950E-002       0.000000E+000       0.000000E+000
    -10      2     -2       0.000000E+000       0.000000E+000       9.929565E-001      -1.184797E-001       0.000000E+000       0.000000E+000
     -9      2     -2       0.000000E+000       0.000000E+000       9.942935E-001      -1.066794E-001       0.000000E+000       0.000000E+000
     -8      2     -2       0.000000E+000       0.000000E+000       9.954902E-001      -9.486408E-002       0.000000E+000       0.000000E+000
     -7      2     -2       0.000000E+000       0.000000E+000       9.965466E-001      -8.303536E-002       0.000000E+000       0.000000E+000
     -6      2     -2       0.000000E+000       0.000000E+000       9.974624E-001      -7.119493E-002       0.000000E+000       0.000000E+000
     -5      2     -2       0.000000E+000       0.000000E+000       9.982376E-001      -5.934445E-002       0.000000E+000       0.000000E+000
     -4      2     -2       0.000000E+000       0.000000E+000       9.988719E-001      -4.748561E-002       0.000000E+000       0.000000E+000
     -3      2     -2       0.000000E+000       0.000000E+000       9.993654E-001      -3.562007E-002       0.000000E+000       0.000000E+000
     -2      2     -2       0.000000E+000       0.000000E+000       9.997179E-001      -2.374950E-002       0.000000E+000       0.000000E+000
     -9      3     -2       0.000000E+000       0.000000E+000       9.942935E-001      -1.066794E-001       0.000000E+000       0.000000E+000
     -8      3     -2       0.000000E+000       0.000000E+000       9.954902E-001      -9.486408E-002       0.000000E+000       0.000000E+000
     -7      3     -2       0.000000E+000       0.000000E+000       9.965466E-001      -8.303536E-002       0.000000E+000       0.000000E+000
     -6      3     -2       0.000000E+000       0.000000E+000       9.974624E-001      -7.119493E-002       0.000000E+000       0.000000E+000
     -5      3     -2       0.000000E+000       0.000000E+000       9.982376E-001      -5.934445E-002       0.000000E+000       0.000000E+000
     -4      3     -2       0.000000E+000       0.000000E+000       9.988719E-001      -4.748561E-002       0.000000E+000       0.000000E+000
     -3      3     -2       0.000000E+000       0.000000E+000       9.993654E-001      -3.562007E-002       0.000000E+000       0.000000E+000
     -8      4     -2       0.000000E+000       0.000000E+000       9.954902E-001      -9.486408E-002       0.000000E+000       0.000000E+000
     -7      4     -2       0.000000E+000       0.000000E+000       9.965466E-001      -8.303536E-002       0.000000E+000       0.000000E+000
     -6      4     -2       0.000000E+000       0.000000E+000       9.974624E-001      -7.119493E-002       0.000000E+000       0.000000E+000
     -5      4     -2       0.000000E+000       0.000000E+000       9.982376E-001      -5.934445E-002       0.000000E+000       0.000000E+000
     -4      4     -2       0.000000E+000       0.000000E+000       9.988719E-001      -4.748561E-002       0.000000E+000       0.000000E+000
     -8     -4     -1       0.000000E+000       0.000000E+000       9.954902E-001      -9.486408E-002       0.000000E+000       0.000000E+000
     -7     -4     -1       0.000000E+000       0.000000E+000       9.965466E-001      -8.303536E-002       0.000000E+000       0.000000E+000
     -6     -4     -1       0.000000E+000       0.000000E+000       9.974624E-001      -7.119493E-002       0.000000E+000       0.000000E+000
     -5     -4     -1       0.000000E+000       0.000000E+000       9.982376E-001      -5.934445E-002       0.000000E+000       0.000000E+000
     -4     -4     -1       0.000000E+000       0.000000E+000       9.988719E-001      -4.748561E-002       0.000000E+000       0.000000E+000
     -9     -3     -1       0.000000E+000       0.000000E+000       9.942935E-001      -1.066794E-001       0.000000E+000       0.000000E+000
     -8     -3     -1       0.000000E+000       0.000000E+000       9.954902E-001      -9.486408E-002       0.000000E+000       0.000000E+000
     -7     -3     -1       0.000000E+000       0.000000E+000       9.965466E-001      -8.303536E-002       0.000000E+000       0.000000E+000
     -6     -3     -1       0.000000E+000       0.000000E+000       9.974624E-001      -7.119493E-002       0.000000E+000       0.000000E+000
     -5     -3     -1       0.000000E+000       0.000000E+000       9.982376E-001      -5.934445E-002       0.000000E+000       0.000000E+000
     -4     -3     -1       0.000000E+000       0.000000E+000       9.988719E-001      -4.748561E-002       0.000000E+000       0.000000E+000
     -3     -3     -1       0.000000E+000       0.000000E+000       9.993654E-001      -3.562007E-002       0.000000E+000       0.000000E+000
    -10     -2     -1       0.000000E+000       0.000000E+000       9.929565E-001      -1.184797E-001       0.000000E+000       0.000000E+000
     -9     -2     -1       0.000000E+000       0.000000E+000       9.942935E-001      -1.066794E-001       0.000000E+000       0.000000E+000
     -8     -2     -1       0.000000E+000       0.000000E+000       9.954902E-001      -9.486408E-002       0.000000E+000       0.000000E+000
     -7     -2     -1       0.000000E+000       0.000000E+000       9.965466E-001      -8.303536E-002       0.000000E+000       0.000000E+000
     -6     -2     -1       0.000000E+000       0.000000E+000       9.974624E-001      -7.119493E-002       0.000000E+000       0.000000E+000
     -5     -2     -1       0.000000E+000       0.000000E+000       9.982376E-001      -5.934445E-002       0.000000E+000       0.000000E+000
     -4     -2     -1       0.000000E+000       0.000000E+000       9.988719E-001      -4.748561E-002       0.000000E+000       0.000000E+000
     -3     -2     -1       0.000000E+000       0.000000E+000       9.993654E-001      -3.562007E-002       0.000000E+000       0.000000E+000
     -2     -2     -1       0.000000E+000       0.000000E+000       9.997179E-001      -2.374950E-002       0.000000E+000       0.000000E+000
    -10     -1     -1       0.000000E+000       0.000000E+000       9.929565E-001      -1.184797E-001       0.000000E+000       0.000000E+000
     -9     -1     -1       0.000000E+000       0.000000E+000       9.942935E-001      -1.066794E-001       0.000000E+000       0.000000E+000
     -8     -1     -1       0.000000E+000       0.000000E+000       9.954902E-001      -9.486408E-002       0.000000E+000       0.000000E+000
     -7     -1     -1       0.000000E+000       0.000000E+000       9.965466E-001      -8.303536E-002       0.000000E+000       0.000000E+000
     -6     -1     -1       0.000000E+000       0.000000E+000       9.974624E-001      -7.119493E-002       0.000000E+000       0.000000E+000
     -5     -1     -1       0.000000E+000       0.000000E+000       9.982376E-001      -5.934445E-002       0.000000E+000       0.000000E+000
     -4     -1     -1       0.000000E+000       0.000000E+000       9.988719E-001      -4.748561E-002       0.000000E+000       0.000000E+000
     -3     -1     -1       0.000000E+000       0.000000E+000       9.993654E-001      -3.562007E-002       0.000000E+000       0.000000E+000
     -2     -1     -1       0.000000E+000       0.000000E+000       9.997179E-001      -2.374950E-002       0.000000E+000       0.000000E+000
    -10      0     -1       0.000000E+000       0.000000E+000       9.929565E-001      -1.184797E-001       0.000000E+000       0.000000E+000
     -9      0     -1       0.000000E+000       0.000000E+000       9.942935E-001      -1.066794E-001       0.000000E+000       0.000000E+000
     -8      0     -1       0.000000E+000       0.000000E+000       9.954902E-001      -9.486408E-002       0.000000E+000       0.000000E+000
     -7      0     -1       0.000000E+000       0.000000E+000       9.965466E-001      -8.303536E-002       0.000000E+000       0.000000E+000
     -6      0     -1       0.000000E+000       0.000000E+000       9.974624E-001      -7.119493E-002       0.000000E+000       0.000000E+000
     -5      0     -1       0.000000E+000       0.000000E+000       9.982376E-001      -5.934445E-002       0.000000E+000       0.000000E+000
     -4      0     -1       0.000000E+000       0.000000E+000       9.988719E-001      -4.748561E-002       0.000000E+000       0.000000E+000
     -3      0     -1       0.000000E+000       0.000000E+000       9.993654E-001      -3.562007E-002       0.000000E+000       0.000000E+000
     -2      0     -1       0.000000E+000       0.000000E+000       9.997179E-001      -2.374950E-002       0.000000E+000       0.000000E+000
    -10      1     -1       0.000000E+000       0.000000E+000       9.929565E-001      -1.184797E-001       0.000000E+000       0.000000E+000
     -9      1     -1       0.000000E+000       0.000000E+000       9.942935E-001      -1.066794E-001       0.000000E+000       0.000000E+000
     -8      1     -1       0.000000E+000       0.000000E+000       9.954902E-001      -9.486408E-002       0.000000E+000       0.000000E+000
     -7      1     -1       0.000000E+000       0.000000E+000       9.965466E-001      -8.303536E-002       0.000000E+000       0.000000E+000
     -6      1     -1       0.000000E+000       0.000000E+000       9.974624E-001      -7.119493E-002       0.000000E+000       0.000000E+000
     -5      1     -1       0.000000E+000       0.000000E+000       9.982376E-001      -5.934445E-002       0.000000E+000       0.000000E+000
     -4      1     -1       0.000000E+000       0.000000E+000       9.988719E-001      -4.748561E-002       0.000000E+000       0.000000E+000
     -3      1     -1       0.000000E+000       0.000000E+000       9.993654E-001      -3.562007E-002       0.000000E+000       0.000000E+000
     -2      1     -1       0.000000E+000       0.000000E+000       9.997179E-001      -2.374950E-002       0.000000E+000       0.000000E+000
    -10      2     -1       0.000000E+000       0.000000E+000       9.929565E-001      -1.184797E-001       0.000000E+000       0.000000E+000
     -9      2     -1       0.000000E+000       0.000000E+000       9.942935E-001      -1.066794E-001       0.000000E+000       0.000000E+000
     -8      2     -1       0.000000E+000       0.000000E+000       9.954902E-001      -9.486408E-002       0.000000E+000       0.000000E+000
     -7      2     -1       0.000000E+000       0.000000E+000       9.965466E-001      -8.303536E-002       0.000000E+000       0.000000E+000
     -6      2     -1       0.000000E+000       0.000000E+000       9.974624E-001      -7.119493E-002       0.000000E+000       0.000000E+000
     -5      2     -1       0.000000E+000       0.000000E+000       9.982376E-001      -5.934445E-002       0.000000E+000       0.000000E+000
     -4      2     -1       0.000000E+000       0.000000E+000       9.988719E-001      -4.748561E-002       0.000000E+000       0.000000E+000
     -3      2     -1       0.000000E+000       0.000000E+000       9.993654E-001      -3.562007E-002       0.000000E+000       0.000000E+000
     -2      2     -1       0.000000E+000       0.000000E+000       9.997179E-001      -2.374950E-002       0.000000E+000       0.000000E+000
     -9      3     -1       0.000000E+000       0.000000E+000       9.942935E-001      -1.066794E-001       0.000000E+000       0.000000E+000
     -8      3     -1       0.000000E+000       0.000000E+000       9.954902E-001      -9.486408E-002       0.000000E+000       0.000000E+000
     -7      3     -1       0.000000E+000       0.000000E+000       9.965466E-001      -8.303536E-002       0.000000E+000       0.000000E+000
     -6      3     -1       0.000000E+000       0.000000E+000       9.974624E-001      -7.119493E-002       0.000000E+000       0.000000E+000
     -5      3     -1       0.000000E+000       0.000000E+000       9.982376E-001      -5.934445E-002       0.000000E+000       0.000000E+000
     -4      3     -1       0.000000E+000       0.000000E+000       9.988719E-001      -4.748561E-002       0.000000E+000       0.000000E+000
     -3      3     -1       0.000000E+000       0.000000E+000       9.993654E-001      -3.562007E-002       0.000000E+000       0.000000E+000
     -8      4     -1       0.000000E+000       0.000000E+000       9.954902E-001      -9.486408E-002       0.000000E+000       0.000000E+000
     -7      4     -1       0.000000E+000       0.000000E+000       9.965466E-001      -8.303536E-002       0.000000E+000       0.000000E+000
     -6      4     -1       0.000000E+000       0.000000E+000       9.974624E-001      -7.119493E-002       0.000000E+000       0.000000E+000
     -5      4     -1       0.000000E+000       0.000000E+000       9.982376E-001      -5.934445E-002       0.000000E+000       0.000000E+000
     -4      4     -1       0.000000E+000       0.000000E+000       9.988719E-001      -4.748561E-002       0.000000E+000       0.000000E+000
     -6     -5      0       0.000000E+000       0.000000E+000       9.974624E-001      -7.119493E-002       0.000000E+000       0.000000E+000
     -9     -4      0       0.000000E+000       0.000000E+000       9.942935E-001      -1.066794E-001       0.000000E+000       0.000000E+000
     -8     -4      0       0.000000E+000       0.000000E+000       9.954902E-001      -9.486408E-002       0.000000E+000       0.000000E+000
     -7     -4      0       0.000000E+000       0.000000E+000       9.965466E-001      -8.303536E-002       0.000000E+000       0.000000E+000
     -6     -4      0       0.000000E+000       0.000000E+000       9.974624E-001      -7.119493E-002       0.000000E+000       0.000000E+000
     -5     -4      0       0.000000E+000       0.000000E+000       9.982376E-001      -5.934445E-002       0.000000E+000       0.000000E+000
     -4     -4      0       0.000000E+000       0.000000E+000       9.988719E-001      -4.748561E-002       0.000000E+000       0.000000E+000
     -3     -4      0       0.000000E+000       0.000000E+000       9.993654E-001      -3.562007E-002       0.000000E+000       0.000000E+000
    -10     -3      0       0.000000E+000       0.000000E+000       9.929565E-001      -1.184797E-001       0.000000E+000       0.000000E+000
     -9     -3      0       0.000000E+000       0.000000E+000       9.942935E-001      -1.066794E-001       0.000000E+000       0.000000E+000
     -8     -3      0       0.000000E+000       0.000000E+000       9.954902E-001      -9.486408E-002       0.000000E+000       0.000000E+000
     -7     -3      0       0.000000E+000       0.000000E+000       9.965466E-001      -8.303536E-002       0.000000E+000       0.000000E+000
     -6     -3      0       0.000000E+000       0.000000E+000       9.974624E-001      -7.119493E-002       0.000000E+000       0.000000E+000
     -5     -3      0       0.000000E+000       0.000000E+000       9.982376E-001      -5.934445E-002       0.000000E+000       0.000000E+000
     -4     -3      0       0.000000E+000       0.000000E+000       9.988719E-001      -4.748561E-002       0.000000E+000       0.000000E+000
     -3     -3      0       0.000000E+000       0.000000E+000       9.993654E-001      -3.562007E-002       0.000000E+000       0.000000E+000
     -2     -3      0       0.000000E+000       0.000000E+000       9.997179E-001      -2.374950E-002       0.000000E+000       0.000000E+000
    -10     -2      0       0.000000E+000       0.000000E+000       9.929565E-001      -1.184797E-001       0.000000E+000       0.000000E+000
     -9     -2      0       0.000000E+000       0.000000E+000       9.942935E-001      -1.066794E-001       0.000000E+000       0.000000E+000
     -8     -2      0       0.000000E+000       0.000000E+000       9.954902E-001      -9.486408E-002       0.000000E+000       0.000000E+000
     -7     -2      0       0.000000E+000       0.000000E+000       9.965466E-001      -8.303536E-002       0.000000E+000       0.000000E+000
     -6     -2      0       0.000000E+000       0.000000E+000       9.974624E-001      -7.119493E-002       0.000000E+000       0.000000E+000
     -5     -2      0       0.000000E+000       0.000000E+000       9.982376E-001      -5.934445E-002       0.000000E+000       0.000000E+000
     -4     -2      0       0.000000E+000       0.000000E+000       9.988719E-001      -4.748561E-002       0.000000E+000       0.000000E+000
     -3     -2      0       0.000000E+000       0.000000E+000       9.993654E-001      -3.562007E-002       0.000000E+000       0.000000E+000
     -2     -2      0       0.000000E+000       0.000000E+000       9.997179E-001      -2.374950E-002       0.000000E+000       0.000000E+000
    -10     -1      0       0.000000E+000       0.000000E+000       9.929565E-001      -1.184797E-001       0.000000E+000       0.000000E+000
     -9     -1      0       0.000000E+000       0.000000E+000       9.942935E-001      -1.066794E-001       0.000000E+000       0.000000E+000
     -8     -1      0       0.000000E+000       0.000000E+000       9.954902E-001      -9.486408E-002       0.000000E+000       0.000000E+000
     -7     -1      0       0.000000E+000       0.000000E+000       9.965466E-001      -8.303536E-002       0.000000E+000       0.000000E+000
     -6     -1      0       0.000000E+000       0.000000E+000       9.974624E-001      -7.119493E-002       0.000000E+000       0.000000E+000
     -5     -1      0       0.000000E+000       0.000000E+000       9.982376E-001      -5.934445E-002       0.000000E+000       0.000000E+000
     -4     -1      0       0.000000E+000       0.000000E+000       9.988719E-001      -4.748561E-002       0.000000E+000       0.000000E+000
     -3     -1      0       0.000000E+000       0.000000E+000       9.993654E-001      -3.562007E-002       0.000000E+000       0.000000E+000
     -2     -1      0       0.000000E+000       0.000000E+000       9.997179E-001      -2.374950E-002       0.000000E+000       0.000000E+000
    -11      0      0       0.000000E+000       0.000000E+000       9.914794E-001      -1.302633E-001       0.000000E+000       0.000000E+000
    -10      0      0       0.000000E+000       0.000000E+000       9.929565E-001      -1.184797E-001       0.000000E+000       0.000000E+000
     -9      0      0       0.000000E+000       0.000000E+000       9.942935E-001      -1.066794E-001       0.000000E+000       0.000000E+000
     -8      0      0       0.000000E+000       0.000000E+000       9.954902E-001      -9.486408E-002       0.000000E+000       0.000000E+000
     -7      0      0       0.000000E+000       0.000000E+000       9.965466E-001      -8.303536E-002       0.000000E+000       0.000000E+000
     -6      0      0       0.000000E+000       0.000000E+000       9.974624E-001      -7.119493E-002       0.000000E+000       0.000000E+000
     -5      0      0       0.000000E+000       0.000000E+000       9.982376E-001      -5.934445E-002       0.000000E+000       0.000000E+000
     -4      0      0       0.000000E+000       0.000000E+000       9.988719E-001      -4.748561E-002       0.000000E+000       0.000000E+000
     -3      0      0       0.000000E+000       0.000000E+000       9.993654E-001      -3.562007E-002       0.000000E+000       0.000000E+000
     -2      0      0       0.000000E+000       0.000000E+000       9.997179E-001      -2.374950E-002       0.000000E+000       0.000000E+000
     -1      0      0       0.000000E+000       0.000000E+000       9.999295E-001      -1.187559E-002       0.000000E+000       0.000000E+000
    -10      1      0       0.000000E+000       0.000000E+000       9.929565E-001      -1.184797E-001       0.000000E+000       0.000000E+000
     -9      1      0       0.000000E+000       0.000000E+000       9.942935E-001      -1.066794E-001       0.000000E+000       0.000000E+000
     -8      1      0       0.000000E+000       0.000000E+000       9.954902E-001      -9.486408E-002       0.000000E+000       0.000000E+000
     -7      1      0       0.000000E+000       0.000000E+000       9.965466E-001      -8.303536E-002       0.000000E+000       0.000000E+000
     -6      1      0       0.000000E+000       0.000000E+000       9.974624E-001      -7.119493E-002       0.000000E+000       0.000000E+000
     -5      1      0       0.000000E+000       0.000000E+000       9.982376E-001      -5.934445E-002       0.000000E+000       0.000000E+000
     -4      1      0       0.000000E+000       0.000000E+000       9.988719E-001      -4.748561E-002       0.000000E+000       0.000000E+000
     -3      1      0       0.000000E+000       0.000000E+000       9.993654E-001      -3.562007E-002       0.000000E+000       0.000000E+000
     -2      1      0       0.000000E+000       0.000000E+000       9.997179E-001      -2.374950E-002       0.000000E+000       0.000000E+000
    -10      2      0       0.000000E+000       0.000000E+000       9.929565E-001      -1.184797E-001       0.000000E+000       0.000000E+000
     -9      2      0       0.000000E+000       0.000000E+000       9.942935E-001      -1.066794E-001       0.000000E+000       0.000000E+000
     -8      2      0       0.000000E+000       0.000000E+000       9.954902E-001      -9.486408E-002       0.000000E+000       0.000000E+000
     -7      2      0       0.000000E+000       0.000000E+000       9.965466E-001      -8.303536E-002       0.000000E+000       0.000000E+000
     -6      2      0       0.000000E+000       0.000000E+000       9.974624E-001      -7.119493E-002       0.000000E+000       0.000000E+000
     -5      2      0       0.000000E+000       0.000000E+000       9.982376E-001      -5.934445E-002       0.000000E+000       0.000000E+000
     -4      2      0       0.000000E+000       0.000000E+000       9.988719E-001      -4.748561E-002       0.000000E+000       0.000000E+000
     -3      2      0       0.000000E+000       0.000000E+000       9.993654E-001      -3.562007E-002       0.000000E+000       0.000000E+000
     -2      2      0       0.000000E+000       0.000000E+000       9.997179E-001      -2.374950E-002       0.000000E+000       0.000000E+000
    -10      3      0       0.000000E+000       0.000000E+000       9.929565E-001      -1.184797E-001       0.000000E+000       0.000000E+000
     -9      3      0       0.000000E+000       0.000000E+000       9.942935E-001      -1.066794E-001       0.000000E+000       0.000000E+000
     -8      3      0       0.000000E+000       0.000000E+000       9.954902E-001      -9.486408E-002       0.000000E+000       0.000000E+000
     -7      3      0       0.000000E+000       0.000000E+000       9.965466E-001      -8.303536E-002       0.000000E+000       0.000000E+000
     -6      3      0       0.000000E+000       0.000000E+000       9.974624E-001      -7.119493E-002       0.000000E+000       0.000000E+000
     -5      3      0       0.000000E+000       0.000000E+000       9.982376E-001      -5.934445E-002       0.000000E+000       0.000000E+000
     -4      3      0       0.000000E+000       0.000000E+000       9.988719E-001      -4.748561E-002       0.000000E+000       0.000000E+000
     -3      3      0       0.000000E+000       0.000000E+000       9.993654E-001      -3.562007E-002       0.000000E+000       0.000000E+000
     -2      3      0       0.000000E+000       0.000000E+000       9.997179E-001      -2.374950E-002       0.000000E+000       0.000000E+000
     -9      4      0       0.000000E+000       0.000000E+000       9.942935E-001      -1.066794E-001       0.000000E+000       0.000000E+000
     -8      4      0       0.000000E+000       0.000000E+000       9.954902E-001      -9.486408E-002       0.000000E+000       0.000000E+000
     -7      4      0       0.000000E+000       0.000000E+000       9.965466E-001      -8.303536E-002       0.000000E+000       0.000000E+000
     -6      4      0       0.000000E+000       0.000000E+000       9.974624E-001      -7.119493E-002       0.000000E+000       0.000000E+000
     -5      4      0       0.000000E+000       0.000000E+000       9.982376E-001      -5.934445E-002       0.000000E+000       0.000000E+000
     -4      4      0       0.000000E+000       0.000000E+000       9.988719E-001      -4.748561E-002       0.000000E+000       0.000000E+000
     -3      4      0       0.000000E+000       0.000000E+000       9.993654E-001      -3.562007E-002       0.000000E+000       0.000000E+000
     -6      5      0       0.000000E+000       0.000000E+000       9.974624E-001      -7.119493E-002       0.000000E+000       0.000000E+000
     -8     -4      1       0.000000E+000       0.000000E+000       9.954902E-001      -9.486408E-002       0.000000E+000       0.000000E+000
     -7     -4      1       0.000000E+000       0.000000E+000       9.965466E-001      -8.303536E-002       0.000000E+000       0.000000E+000
     -6     -4      1       0.000000E+000       0.000000E+000       9.974624E-001      -7.119493E-002       0.000000E+000       0.000000E+000
     -5     -4      1       0.000000E+000       0.000000E+000       9.982376E-001      -5.934445E-002       0.000000E+000       0.000000E+000
     -4     -4      1       0.000000E+000       0.000000E+000       9.988719E-001      -4.748561E-002       0.000000E+000       0.000000E+000
     -9     -3      1       0.000000E+000       0.000000E+000       9.942935E-001      -1.066794E-001       0.000000E+000       0.000000E+000
     -8     -3      1       0.000000E+000       0.000000E+000       9.954902E-001      -9.486408E-002       0.000000E+000       0.000000E+000
     -7     -3      1       0.000000E+000       0.000000E+000       9.965466E-001      -8.303536E-002       0.000000E+000       0.000000E+000
     -6     -3      1       0.000000E+000       0.000000E+000       9.974624E-001      -7.119493E-002       0.000000E+000       0.000000E+000
     -5     -3      1       0.000000E+000       0.000000E+000       9.982376E-001      -5.934445E-002       0.000000E+000       0.000000E+000
     -4     -3      1       0.000000E+000       0.000000E+000       9.988719E-001      -4.748561E-002       0.000000E+000       0.000000E+000
     -3     -3      1       0.000000E+000       0.000000E+000       9.993654E-001      -3.562007E-002       0.000000E+000       0.000000E+000
    -10     -2      1       0.000000E+000       0.000000E+000       9.929565E-001      -1.184797E-001       0.000000E+000       0.000000E+000
     -9     -2      1       0.000000E+000       0.000000E+000       9.942935E-001      -1.066794E-001       0.000000E+000       0.000000E+000
     -8     -2      1       0.000000E+000       0.000000E+000       9.954902E-001      -9.486408E-002       0.000000E+000       0.000000E+000
     -7     -2      1       0.000000E+000       0.000000E+000       9.965466E-001      -8.303536E-002       0.000000E+000       0.000000E+000
     -6     -2      1       0.000000E+000       0.000000E+000       9.974624E-001      -7.119493E-002       0.000000E+000       0.000000E+000
     -5     -2      1       0.000000E+000       0.000000E+000       9.982376E-001      -5.934445E-002       0.000000E+000       0.000000E+000
     -4     -2      1       0.000000E+000       0.000000E+000       9.988719E-001      -4.748561E-002       0.000000E+000       0.000000E+000
     -3     -2      1       0.000000E+000       0.000000E+000       9.993654E-001      -3.562007E-002       0.000000E+000       0.000000E+000
     -2     -2      1       0.000000E+000       0.000000E+000       9.997179E-001      -2.374950E-002       0.000000E+000       0.000000E+000
    -10     -1      1       0.000000E+000       0.000000E+000       9.929565E-001      -1.184797E-001       0.000000E+000       0.000000E+000
     -9     -1      1       0.000000E+000       0.000000E+000       9.942935E-001      -1.066794E-001       0.000000E+000       0.000000E+000
     -8     -1      1       0.000000E+000       0.000000E+000       9.954902E-001      -9.486408E-002       0.000000E+000       0.000000E+000
     -7     -1      1       0.000000E+000       0.000000E+000       9.965466E-001      -8.303536E-002       0.000000E+000       0.000000E+000
     -6     -1      1       0.000000E+000       0.000000E+000       9.974624E-001      -7.119493E-002       0.000000E+000       0.000000E+000
     -5     -1      1       0.000000E+000       0.000000E+000       9.982376E-001      -5.934445E-002       0.000000E+000       0.000000E+000
     -4     -1      1       0.000000E+000       0.000000E+000       9.988719E-001      -4.748561E-002       0.000000E+000       0.000000E+000
     -3     -1      1       0.000000E+000       0.000000E+000       9.993654E-001      -3.562007E-002       0.000000E+000       0.000000E+000
     -2     -1      1       0.000000E+000       0.000000E+000       9.997179E-001      -2.374950E-002       0.000000E+000       0.000000E+000
    -10      0      1       0.000000E+000       0.000000E+000       9.929565E-001      -1.184797E-001       0.000000E+000       0.000000E+000
     -9      0      1       0.000000E+000       0.000000E+000       9.942935E-001      -1.066794E-001       0.000000E+000       0.000000E+000
     -8      0      1       0.000000E+000       0.000000E+000       9.954902E-001      -9.486408E-002       0.000000E+000       0.000000E+000
     -7      0      1       0.000000E+000       0.000000E+000       9.965466E-001      -8.303536E-002       0.000000E+000       0.000000E+000
     -6      0      1       0.000000E+000       0.000000E+000       9.974624E-001      -7.119493E-002       0.000000E+000       0.000000E+000
     -5      0      1       0.000000E+000       0.000000E+000       9.982376E-001      -5.934445E-002       0.000000E+000       0.000000E+000
     -4      0      1       0.000000E+000       0.000000E+000       9.988719E-001      -4.748561E-002       0.000000E+000       0.000000E+000
     -3      0      1       0.000000E+000       0.000000E+000       9.993654E-001      -3.562007E-002       0.000000E+000       0.000000E+000
     -2      0      1       0.000000E+000       0.000000E+000       9.997179E-001      -2.374950E-002       0.000000E+000       0.000000E+000
    -10      1      1       0.000000E+000       0.000000E+000       9.929565E-001      -1.184797E-001       0.000000E+000       0.000000E+000
     -9      1      1       0.000000E+000       0.000000E+000       9.942935E-001      -1.066794E-001       0.000000E+000       0.000000E+000
     -8      1      1       0.000000E+000       0.000000E+000       9.954902E-001      -9.486408E-002       0.000000E+000       0.000000E+000
     -7      1      1       0.000000E+000       0.000000E+000       9.965466E-001      -8.303536E-002       0.000000E+000       0.000000E+000
     -6      1      1       0.000000E+000       0.000000E+000       9.974624E-001      -7.119493E-002       0.000000E+000       0.000000E+000
     -5      1      1       0.000000E+000       0.000000E+000       9.982376E-001      -5.934445E-002       0.000000E+000       0.000000E+000
     -4      1      1       0.000000E+000       0.000000E+000       9.988719E-001      -4.748561E-002       0.000000E+000       0.000000E+000
     -3      1      1       0.000000E+000       0.000000E+000       9.993654E-001      -3.562007E-002       0.000000E+000       0.000000E+000
     -2      1      1       0.000000E+000       0.000000E+000       9.997179E-001      -2.374950E-002       0.000000E+000       0.000000E+000
    -10      2      1       0.000000E+000       0.000000E+000       9.929565E-001      -1.184797E-001       0.000000E+000       0.000000E+000
     -9      2      1       0.000000E+000       0.000000E+000       9.942935E-001      -1.066794E-001       0.000000E+000       0.000000E+000
     -8      2      1       0.000000E+000       0.000000E+000       9.954902E-001      -9.486408E-002       0.000000E+000       0.000000E+000
     -7      2      1       0.000000E+000       0.000000E+000       9.965466E-001      -8.303536E-002       0.000000E+000       0.000000E+000
     -6      2      1       0.000000E+000       0.000000E+000       9.974624E-001      -7.119493E-002       0.000000E+000       0.000000E+000
     -5      2      1       0.000000E+000       0.000000E+000       9.982376E-001      -5.934445E-002       0.000000E+000       0.000000E+000
     -4      2      1       0.000000E+000       0.000000E+000       9.988719E-001      -4.748561E-002       0.000000E+000       0.000000E+000
     -3      2      1       0.000000E+000       0.000000E+000       9.993654E-001      -3.562007E-002       0.000000E+000       0.000000E+000
     -2      2      1       0.000000E+000       0.000000E+000       9.997179E-001      -2.374950E-002       0.000000E+000       0.000000E+000
     -9      3      1       0.000000E+000       0.000000E+000       9.942935E-001      -1.066794E-001       0.000000E+000       0.000000E+000
     -8      3      1       0.000000E+000       0.000000E+000       9.954902E-001      -9.486408E-002       0.000000E+000       0.000000E+000
     -7      3      1       0.000000E+000       0.000000E+000       9.965466E-001      -8.303536E-002       0.000000E+000       0.000000E+000
     -6      3      1       0.000000E+000       0.000000E+000       9.974624E-001      -7.119493E-002       0.000000E+000       0.000000E+000
     -5      3      1       0.000000E+000       0.000000E+000       9.982376E-001      -5.934445E-002       0.000000E+000       0.000000E+000
     -4      3      1       0.000000E+000       0.000000E+000       9.988719E-001      -4.748561E-002       0.000000E+000       0.000000E+000
     -3      3      1       0.000000E+000       0.000000E+000       9.993654E-001      -3.562007E-002       0.000000E+000       0.000000E+000
     -8      4      1       0.000000E+000       0.000000E+000       9.954902E-001      -9.486408E-002       0.000000E+000       0.000000E+000
     -7      4      1       0.000000E+000       0.000000E+000       9.965466E-001      -8.303536E-002       0.000000E+000       0.000000E+000
     -6      4      1       0.000000E+000       0.000000E+000       9.974624E-001      -7.119493E-002       0.000000E+000       0.000000E+000
     -5      4      1       0.000000E+000       0.000000E+000       9.982376E-001      -5.934445E-002       0.000000E+000       0.000000E+000
     -4      4      1       0.000000E+000       0.000000E+000       9.988719E-001      -4.748561E-002       0.000000E+000       0.000000E+000
     -8     -4      2       0.000000E+000       0.000000E+000       9.954902E-001      -9.486408E-002       0.000000E+000       0.000000E+000
     -7     -4      2       0.000000E+000       0.000000E+000       9.965466E-001      -8.303536E-002       0.000000E+000       0.000000E+000
     -6     -4      2       0.000000E+000       0.000000E+000       9.974624E-001      -7.119493E-002       0.000000E+000       0.000000E+000
     -5     -4      2       0.000000E+000       0.000000E+000       9.982376E-001      -5.934445E-002       0.000000E+000       0.000000E+000
     -4     -4      2       0.000000E+000       0.000000E+000       9.988719E-001      -4.748561E-002       0.000000E+000       0.000000E+000
     -9     -3      2       0.000000E+000       0.000000E+000       9.942935E-001      -1.066794E-001       0.000000E+000       0.000000E+000
     -8     -3      2       0.000000E+000       0.000000E+000       9.954902E-001      -9.486408E-002       0.000000E+000       0.000000E+000
     -7     -3      2       0.000000E+000       0.000000E+000       9.965466E-001      -8.303536E-002       0.000000E+000       0.000000E+000
     -6     -3      2       0.000000E+000       0.000000E+000       9.974624E-001      -7.119493E-002       0.000000E+000       0.000000E+000
     -5     -3      2       0.000000E+000       0.000000E+000       9.982376E-001      -5.934445E-002       0.000000E+000       0.000000E+000
     -4     -3      2       0.000000E+000       0.000000E+000       9.988719E-001      -4.748561E-002       0.000000E+000       0.000000E+000
     -3     -3      2       0.000000E+000       0.000000E+000       9.993654E-001      -3.562007E-002       0.000000E+000       0.000000E+000
    -10     -2      2       0.000000E+000       0.000000E+000       9.929565E-001      -1.184797E-001       0.000000E+000       0.000000E+000
     -9     -2      2       0.000000E+000       0.000000E+000       9.942935E-001      -1.066794E-001       0.000000E+000       0.000000E+000
     -8     -2      2       0.000000E+000       0.000000E+000       9.954902E-001      -9.486408E-002       0.000000E+000       0.000000E+000
     -7     -2      2       0.000000E+000       0.000000E+000       9.965466E-001      -8.303536E-002       0.000000E+000       0.000000E+000
     -6     -2      2       0.000000E+000       0.000000E+000       9.974624E-001      -7.119493E-002       0.000000E+000       0.000000E+000
     -5     -2      2       0.000000E+000       0.000000E+000       9.982376E-001      -5.934445E-002       0.000000E+000       0.000000E+000
     -4     -2      2       0.000000E+000       0.000000E+000       9.988719E-001      -4.748561E-002       0.000000E+000       0.000000E+000
     -3     -2      2       0.000000E+000       0.000000E+000       9.993654E-001      -3.562007E-002       0.000000E+000       0.000000E+000
     -2     -2      2       0.000000E+000       0.000000E+000       9.997179E-001      -2.374950E-002       0.000000E+000       0.000000E+000
    -10     -1      2       0.000000E+000       0.000000E+000       9.929565E-001      -1.184797E-001       0.000000E+000       0.000000E+000
     -9     -1      2       0.000000E+000       0.000000E+000       9.942935E-001      -1.066794E-001       0.000000E+000       0.000000E+000
     -8     -1      2       0.000000E+000       0.000000E+000       9.954902E-001      -9.486408E-002       0.000000E+000       0.000000E+000
     -7     -1      2       0.000000E+000       0.000000E+000       9.965466E-001      -8.303536E-002       0.000000E+000       0.000000E+000
     -6     -1      2       0.000000E+000       0.000000E+000       9.974624E-001      -7.119493E-002       0.000000E+000       0.000000E+000
     -5     -1      2       0.000000E+000       0.000000E+000       9.982376E-001      -5.934445E-002       0.000000E+000       0.000000E+000
     -4     -1      2       0.000000E+000       0.000000E+000       9.988719E-001      -4.748561E-002       0.000000E+000       0.000000E+000
     -3     -1      2       0.000000E+000       0.000000E+000       9.993654E-001      -3.562007E-002       0.000000E+000       0.000000E+000
     -2     -1      2       0.000000E+000       0.000000E+000       9.997179E-001      -2.374950E-002       0.000000E+000       0.000000E+000
    -10      0      2       0.000000E+000       0.000000E+000       9.929565E-001      -1.184797E-001       0.000000E+000       0.000000E+000
     -9      0      2       0.000000E+000       0.000000E+000       9.942935E-001      -1.066794E-001       0.000000E+000       0.000000E+000
     -8      0      2       0.000000E+000       0.000000E+000       9.954902E-001      -9.486408E-002       0.000000E+000       0.000000E+000
     -7      0      2       0.000000E+000       0.000000E+000       9.965466E-001      -8.303536E-002       0.000000E+000       0.000000E+000
     -6      0      2       0.000000E+000       0.000000E+000       9.974624E-001      -7.119493E-002       0.000000E+000       0.000000E+000
     -5      0      2       0.000000E+000       0.000000E+000       9.982376E-001      -5.934445E-002       0.000000E+000       0.000000E+000
     -4      0      2       0.000000E+000       0.000000E+000       9.988719E-001      -4.748561E-002       0.000000E+000       0.000000E+000
     -3      0      2       0.000000E+000       0.000000E+000       9.993654E-001      -3.562007E-002       0.000000E+000       0.000000E+000
     -2      0      2       0.000000E+000       0.000000E+000       9.997179E-001      -2.374950E-002       0.000000E+000       0.000000E+000
    -10      1      2       0.000000E+000       0.000000E+000       9.929565E-001      -1.184797E-001       0.000000E+000       0.000000E+000
     -9      1      2       0.000000E+000       0.000000E+000       9.942935E-001      -1.066794E-001       0.000000E+000       0.000000E+000
     -8      1      2       0.000000E+000       0.000000E+000       9.954902E-001      -9.486408E-002       0.000000E+000       0.000000E+000
     -7      1      2       0.000000E+000       0.000000E+000       9.965466E-001      -8.303536E-002       0.000000E+000       0.000000E+000
     -6      1      2       0.000000E+000       0.000000E+000       9.974624E-001      -7.119493E-002       0.000000E+000       0.000000E+000
     -5      1      2       0.000000E+000       0.000000E+000       9.982376E-001      -5.934445E-002       0.000000E+000       0.000000E+000
     -4      1      2       0.000000E+000       0.000000E+000       9.988719E-001      -4.748561E-002       0.000000E+000       0.000000E+000
     -3      1      2       0.000000E+000       0.000000E+000       9.993654E-001      -3.562007E-002       0.000000E+000       0.000000E+000
     -2      1      2       0.000000E+000       0.000000E+000       9.997179E-001      -2.374950E-002       0.000000E+000       0.000000E+000
    -10      2      2       0.000000E+000       0.000000E+000       9.929565E-001      -1.184797E-001       0.000000E+000       0.000000E+000
     -9      2      2       0.000000E+000       0.000000E+000       9.942935E-001      -1.066794E-001       0.000000E+000       0.000000E+000
     -8      2      2       0.000000E+000       0.000000E+000       9.954902E-001      -9.486408E-002       0.000000E+000       0.000000E+000
     -7      2      2       0.000000E+000       0.000000E+000       9.965466E-001      -8.303536E-002       0.000000E+000       0.000000E+000
     -6      2      2       0.000000E+000       0.000000E+000       9.974624E-001      -7.119493E-002       0.000000E+000       0.000000E+000
     -5      2      2       0.000000E+000       0.000000E+000       9.982376E-001      -5.934445E-002       0.000000E+000       0.000000E+000
     -4      2      2       0.000000E+000       0.000000E+000       9.988719E-001      -4.748561E-002       0.000000E+000       0.000000E+000
     -3      2      2       0.000000E+000       0.000000E+000       9.993654E-001      -3.562007E-002       0.000000E+000       0.000000E+000
     -2      2      2       0.000000E+000       0.000000E+000       9.997179E-001      -2.374950E-002       0.000000E+000       0.000000E+000
     -9      3      2       0.000000E+000       0.000000E+000       9.942935E-001      -1.066794E-001       0.000000E+000       0.000000E+000
     -8      3      2       0.000000E+000       0.000000E+000       9.954902E-001      -9.486408E-002       0.000000E+000       0.000000E+000
     -7      3      2       0.000000E+000       0.000000E+000       9.965466E-001      -8.303536E-002       0.000000E+000       0.000000E+000
     -6      3      2       0.000000E+000       0.000000E+000       9.974624E-001      -7.119493E-002       0.000000E+000       0.000000E+000
     -5      3      2       0.000000E+000       0.000000E+000       9.982376E-001      -5.934445E-002       0.000000E+000       0.000000E+000
     -4      3      2       0.000000E+000       0.000000E+000       9.988719E-001      -4.748561E-002       0.000000E+000       0.000000E+000
     -3      3      2       0.000000E+000       0.000000E+000       9.993654E-001      -3.562007E-002       0.000000E+000       0.000000E+000
     -8      4      2       0.000000E+000       0.000000E+000       9.954902E-001      -9.486408E-002       0.000000E+000       0.000000E+000
     -7      4      2       0.000000E+000       0.000000E+000       9.965466E-001      -8.303536E-002       0.000000E+000       0.000000E+000
     -6      4      2       0.000000E+000       0.000000E+000       9.974624E-001      -7.119493E-002       0.000000E+000       0.000000E+000
     -5      4      2       0.000000E+000       0.000000E+000       9.982376E-001      -5.934445E-002       0.000000E+000       0.000000E+000
     -4      4      2       0.000000E+000       0.000000E+000       9.988719E-001      -4.748561E-002       0.000000E+000       0.000000E+000
     -6     -4      3       0.000000E+000       0.000000E+000       9.974624E-001      -7.119493E-002       0.000000E+000       0.000000E+000
     -8     -3      3       0.000000E+000       0.000000E+000       9.954902E-001      -9.486408E-002       0.000000E+000       0.000000E+000
     -7     -3      3       0.000000E+000       0.000000E+000       9.965466E-001      -8.303536E-002       0.000000E+000       0.000000E+000
     -6     -3      3       0.000000E+000       0.000000E+000       9.974624E-001      -7.119493E-002       0.000000E+000       0.000000E+000
     -5     -3      3       0.000000E+000       0.000000E+000       9.982376E-001      -5.934445E-002       0.000000E+000       0.000000E+000
     -4     -3      3       0.000000E+000       0.000000E+000       9.988719E-001      -4.748561E-002       0.000000E+000       0.000000E+000
     -9     -2      3       0.000000E+000       0.000000E+000       9.942935E-001      -1.066794E-001       0.000000E+000       0.000000E+000
     -8     -2      3       0.000000E+000       0.000000E+000       9.954902E-001      -9.486408E-002       0.000000E+000       0.000000E+000
     -7     -2      3       0.000000E+000       0.000000E+000       9.965466E-001      -8.303536E-002       0.000000E+000       0.000000E+000
     -6     -2      3       0.000000E+000       0.000000E+000       9.974624E-001      -7.119493E-002       0.000000E+000       0.000000E+000
     -5     -2      3       0.000000E+000       0.000000E+000       9.982376E-001      -5.934445E-002       0.000000E+000       0.000000E+000
     -4     -2      3       0.000000E+000       0.000000E+000       9.988719E-001      -4.748561E-002       0.000000E+000       0.000000E+000
     -3     -2      3       0.000000E+000       0.000000E+000       9.993654E-001      -3.562007E-002       0.000000E+000       0.000000E+000
     -9     -1      3       0.000000E+000       0.000000E+000       9.942935E-001      -1.066794E-001       0.000000E+000       0.000000E+000
     -8     -1      3       0.000000E+000       0.000000E+000       9.954902E-001      -9.486408E-002       0.000000E+000       0.000000E+000
     -7     -1      3       0.000000E+000       0.000000E+000       9.965466E-001      -8.303536E-002       0.000000E+000       0.000000E+000
     -6     -1      3       0.000000E+000       0.000000E+000       9.974624E-001      -7.119493E-002       0.000000E+000       0.000000E+000
     -5     -1      3       0.000000E+000       0.000000E+000       9.982376E-001      -5.934445E-002       0.000000E+000       0.000000E+000
     -4     -1      3       0.000000E+000       0.000000E+000       9.988719E-001      -4.748561E-002       0.000000E+000       0.000000E+000
     -3     -1      3       0.000000E+000       0.000000E+000       9.993654E-001      -3.562007E-002       0.000000E+000       0.000000E+000
    -10      0      3       0.000000E+000       0.000000E+000       9.929565E-001      -1.184797E-001       0.000000E+000       0.000000E+000
     -9      0      3       0.000000E+000       0.000000E+000       9.942935E-001      -1.066794E-001       0.000000E+000       0.000000E+000
     -8      0      3       0.000000E+000       0.000000E+000       9.954902E-001      -9.486408E-002       0.000000E+000       0.000000E+000
     -7      0      3       0.000000E+000       0.000000E+000       9.965466E-001      -8.303536E-002       0.000000E+000       0.000000E+000
     -6      0      3       0.000000E+000       0.000000E+000       9.974624E-001      -7.119493E-002       0.000000E+000       0.000000E+000
     -5      0      3       0.000000E+000       0.000000E+000       9.982376E-001      -5.934445E-002       0.000000E+000       0.000000E+000
     -4      0      3       0.000000E+000       0.000000E+000       9.988719E-001      -4.748561E-002       0.000000E+000       0.000000E+000
     -3      0      3       0.000000E+000       0.000000E+000       9.993654E-001      -3.562007E-002       0.000000E+000       0.000000E+000
     -2      0      3       0.000000E+000       0.000000E+000       9.997179E-001      -2.374950E-002       0.000000E+000       0.000000E+000
     -9      1      3       0.000000E+000       0.000000E+000       9.942935E-001      -1.066794E-001       0.000000E+000       0.000000E+000
     -8      1      3       0.000000E+000       0.000000E+000       9.954902E-001      -9.486408E-002       0.000000E+000       0.000000E+000
     -7      1      3       0.000000E+000       0.000000E+000       9.965466E-001      -8.303536E-002       0.000000E+000       0.000000E+000
     -6      1      3       0.000000E+000       0.000000E+000       9.974624E-001      -7.119493E-002       0.000000E+000       0.000000E+000
     -5      1      3       0.000000E+000       0.000000E+000       9.982376E-001      -5.934445E-002       0.000000E+000       0.000000E+000
     -4      1      3       0.000000E+000       0.000000E+000       9.988719E-001      -4.748561E-002       0.000000E+000       0.000000E+000
     -3      1      3       0.000000E+000       0.000000E+000       9.993654E-001      -3.562007E-002       0.000000E+000       0.000000E+000
     -9      2      3       0.000000E+000       0.000000E+000       9.942935E-001      -1.066794E-001       0.000000E+000       0.000000E+000
     -8      2      3       0.000000E+000       0.000000E+000       9.954902E-001      -9.486408E-002       0.000000E+000       0.000000E+000
     -7      2      3       0.000000E+000       0.000000E+000       9.965466E-001      -8.303536E-002       0.000000E+000       0.000000E+000
     -6      2      3       0.000000E+000       0.000000E+000       9.974624E-001      -7.119493E-002       0.000000E+000       0.000000E+000
     -5      2      3       0.000000E+000       0.000000E+000       9.982376E-001      -5.934445E-002       0.000000E+000       0.000000E+000
     -4      2      3       0.000000E+000       0.000000E+000       9.988719E-001      -4.748561E-002       0.000000E+000       0.000000E+000
     -3      2      3       0.000000E+000       0.000000E+000       9.993654E-001      -3.562007E-002       0.000000E+000       0.000000E+000
     -8      3      3       0.000000E+000       0.000000E+000       9.954902E-001      -9.486408E-002       0.000000E+000       0.000000E+000
     -7      3      3       0.000000E+000       0.000000E+000       9.965466E-001      -8.303536E-002       0.000000E+000       0.000000E+000
     -6      3      3       0.000000E+000       0.000000E+000       9.974624E-001      -7.119493E-002       0.000000E+000       0.000000E+000
     -5      3      3       0.000000E+000       0.000000E+000       9.982376E-001      -5.934445E-002       0.000000E+000       0.000000E+000
     -4      3      3       0.000000E+000       0.000000E+000       9.988719E-001      -4.748561E-002       0.000000E+000       0.000000E+000
     -6      4      3       0.000000E+000       0.000000E+000       9.974624E-001      -7.119493E-002       0.000000E+000       0.000000E+000
     -6     -3      4       0.000000E+000       0.000000E+000       9.974624E-001      -7.119493E-002       0.000000E+000       0.000000E+000
     -8     -2      4       0.000000E+000       0.000000E+000       9.954902E-001      -9.486408E-002       0.000000E+000       0.000000E+000
     -7     -2      4       0.000000E+000       0.000000E+000       9.965466E-001      -8.303536E-002       0.000000E+000       0.000000E+000
     -6     -2      4       0.000000E+000       0.000000E+000       9.974624E-001      -7.119493E-002       0.000000E+000       0.000000E+000
     -5     -2      4       0.000000E+000       0.000000E+000       9.982376E-001      -5.934445E-002       0.000000E+000       0.000000E+000
     -4     -2      4       0.000000E+000       0.000000E+000       9.988719E-001      -4.748561E-002       0.000000E+000       0.000000E+000
     -8     -1      4       0.000000E+000       0.000000E+000       9.954902E-001      -9.486408E-002       0.000000E+000       0.000000E+000
     -7     -1      4       0.000000E+000       0.000000E+000       9.965466E-001      -8.303536E-002       0.000000E+000       0.000000E+000
     -6     -1      4       0.000000E+000       0.000000E+000       9.974624E-001      -7.119493E-002       0.000000E+000       0.000000E+000
     -5     -1      4       0.000000E+000       0.000000E+000       9.982376E-001      -5.934445E-002       0.000000E+000       0.000000E+000
     -4     -1      4       0.000000E+000       0.000000E+000       9.988719E-001      -4.748561E-002       0.000000E+000       0.000000E+000
     -9      0      4       0.000000E+000       0.000000E+000       9.942935E-001      -1.066794E-001       0.000000E+000       0.000000E+000
     -8      0      4       0.000000E+000       0.000000E+000       9.954902E-001      -9.486408E-002       0.000000E+000       0.000000E+000
     -7      0      4       0.000000E+000       0.000000E+000       9.965466E-001      -8.303536E-002       0.000000E+000       0.000000E+000
     -6      0      4       0.000000E+000       0.000000E+000       9.974624E-001      -7.119493E-002       0.000000E+000       0.000000E+000
     -5      0      4       0.000000E+000       0.000000E+000       9.982376E-001      -5.934445E-002       0.000000E+000       0.000000E+000
     -4      0      4       0.000000E+000       0.000000E+000       9.988719E-001      -4.748561E-002       0.000000E+000       0.000000E+000
     -3      0      4       0.000000E+000       0.000000E+000       9.993654E-001      -3.562007E-002       0.000000E+000       0.000000E+000
     -8      1      4       0.000000E+000       0.000000E+000       9.954902E-001      -9.486408E-002       0.000000E+000       0.000000E+000
     -7      1      4       0.000000E+000       0.000000E+000       9.965466E-001      -8.303536E-002       0.000000E+000       0.000000E+000
     -6      1      4       0.000000E+000       0.000000E+000       9.974624E-001      -7.119493E-002       0.000000E+000       0.000000E+000
     -5      1      4       0.000000E+000       0.000000E+000       9.982376E-001      -5.934445E-002       0.000000E+000       0.000000E+000
     -4      1      4       0.000000E+000       0.000000E+000       9.988719E-001      -4.748561E-002       0.000000E+000       0.000000E+000
     -8      2      4       0.000000E+000       0.000000E+000       9.954902E-001      -9.486408E-002       0.000000E+000       0.000000E+000
     -7      2      4       0.000000E+000       0.000000E+000       9.965466E-001      -8.303536E-002       0.000000E+000       0.000000E+000
     -6      2      4       0.000000E+000       0.000000E+000       9.974624E-001      -7.119493E-002       0.000000E+000       0.000000E+000
     -5      2      4       0.000000E+000       0.000000E+000       9.982376E-001      -5.934445E-002       0.000000E+000       0.000000E+000
     -4      2      4       0.000000E+000       0.000000E+000       9.988719E-001      -4.748561E-002       0.000000E+000       0.000000E+000
     -6      3      4       0.000000E+000       0.000000E+000       9.974624E-001      -7.119493E-002       0.000000E+000       0.000000E+000
     -6      0      5       0.000000E+000       0.000000E+000       9.974624E-001      -7.119493E-002       0.000000E+000       0.000000E+000
