-6.0	-5.0	0.0	0.035538
-9.0	-4.0	0.0	0.035538
-8.0	-4.0	-2.0	0.035538
-8.0	-4.0	-1.0	0.035538
-8.0	-4.0	0.0	0.035538
-8.0	-4.0	1.0	0.035538
-8.0	-4.0	2.0	0.035538
-7.0	-4.0	-2.0	0.035538
-7.0	-4.0	-1.0	0.035538
-7.0	-4.0	0.0	0.035538
-7.0	-4.0	1.0	0.035538
-7.0	-4.0	2.0	0.035538
-6.0	-4.0	-3.0	0.035538
-6.0	-4.0	-2.0	0.035538
-6.0	-4.0	-1.0	0.035538
-6.0	-4.0	0.0	0.035538
-6.0	-4.0	1.0	0.035538
-6.0	-4.0	2.0	0.035538
-6.0	-4.0	3.0	0.035538
-5.0	-4.0	-2.0	0.035538
-5.0	-4.0	-1.0	0.035538
-5.0	-4.0	0.0	0.035538
-5.0	-4.0	1.0	0.035538
-5.0	-4.0	2.0	0.035538
-4.0	-4.0	-2.0	0.035538
-4.0	-4.0	-1.0	0.035538
-4.0	-4.0	0.0	0.035538
-4.0	-4.0	1.0	0.035538
-4.0	-4.0	2.0	0.035538
-3.0	-4.0	0.0	0.035538
-10.0	-3.0	0.0	0.035538
-9.0	-3.0	-2.0	0.035538
-9.0	-3.0	-1.0	0.035538
-9.0	-3.0	0.0	0.035538
-9.0	-3.0	1.0	0.035538
-9.0	-3.0	2.0	0.035538
-8.0	-3.0	-3.0	0.035538
-8.0	-3.0	-2.0	0.035538
-8.0	-3.0	-1.0	0.035538
-8.0	-3.0	0.0	0.035538
-8.0	-3.0	1.0	0.035538
-8.0	-3.0	2.0	0.035538
-8.0	-3.0	3.0	0.035538
-7.0	-3.0	-3.0	0.035538
-7.0	-3.0	-2.0	0.035538
-7.0	-3.0	-1.0	0.035538
-7.0	-3.0	0.0	0.035538
-7.0	-3.0	1.0	0.035538
-7.0	-3.0	2.0	0.035538
-7.0	-3.0	3.0	0.035538
-6.0	-3.0	-4.0	0.035538
-6.0	-3.0	-3.0	0.035538
-6.0	-3.0	-2.0	0.035538
-6.0	-3.0	-1.0	0.035538
-6.0	-3.0	0.0	0.035538
-6.0	-3.0	1.0	0.035538
-6.0	-3.0	2.0	0.035538
-6.0	-3.0	3.0	0.035538
-6.0	-3.0	4.0	0.035538
-5.0	-3.0	-3.0	0.035538
-5.0	-3.0	-2.0	0.035538
-5.0	-3.0	-1.0	0.035538
-5.0	-3.0	0.0	0.035538
-5.0	-3.0	1.0	0.035538
-5.0	-3.0	2.0	0.035538
-5.0	-3.0	3.0	0.035538
-4.0	-3.0	-3.0	0.035538
-4.0	-3.0	-2.0	0.035538
-4.0	-3.0	-1.0	0.035538
-4.0	-3.0	0.0	0.035538
-4.0	-3.0	1.0	0.035538
-4.0	-3.0	2.0	0.035538
-4.0	-3.0	3.0	0.035538
-3.0	-3.0	-2.0	0.035538
-3.0	-3.0	-1.0	0.035538
-3.0	-3.0	0.0	0.035538
-3.0	-3.0	1.0	0.035538
-3.0	-3.0	2.0	0.035538
-2.0	-3.0	0.0	0.035538
-10.0	-2.0	-2.0	0.035538
-10.0	-2.0	-1.0	0.035538
-10.0	-2.0	0.0	0.035538
-10.0	-2.0	1.0	0.035538
-10.0	-2.0	2.0	0.035538
-9.0	-2.0	-3.0	0.035538
-9.0	-2.0	-2.0	0.035538
-9.0	-2.0	-1.0	0.035538
-9.0	-2.0	0.0	0.035538
-9.0	-2.0	1.0	0.035538
-9.0	-2.0	2.0	0.035538
-9.0	-2.0	3.0	0.035538
-8.0	-2.0	-4.0	0.035538
-8.0	-2.0	-3.0	0.035538
-8.0	-2.0	-2.0	0.035538
-8.0	-2.0	-1.0	0.035538
-8.0	-2.0	0.0	0.035538
-8.0	-2.0	1.0	0.035538
-8.0	-2.0	2.0	0.035538
-8.0	-2.0	3.0	0.035538
-8.0	-2.0	4.0	0.035538
-7.0	-2.0	-4.0	0.035538
-7.0	-2.0	-3.0	0.035538
-7.0	-2.0	-2.0	0.035538
-7.0	-2.0	-1.0	0.035538
-7.0	-2.0	0.0	0.035538
-7.0	-2.0	1.0	0.035538
-7.0	-2.0	2.0	0.035538
-7.0	-2.0	3.0	0.035538
-7.0	-2.0	4.0	0.035538
-6.0	-2.0	-4.0	0.035538
-6.0	-2.0	-3.0	0.035538
-6.0	-2.0	-2.0	0.035538
-6.0	-2.0	-1.0	0.035538
-6.0	-2.0	0.0	0.035538
-6.0	-2.0	1.0	0.035538
-6.0	-2.0	2.0	0.035538
-6.0	-2.0	3.0	0.035538
-6.0	-2.0	4.0	0.035538
-5.0	-2.0	-4.0	0.035538
-5.0	-2.0	-3.0	0.035538
-5.0	-2.0	-2.0	0.035538
-5.0	-2.0	-1.0	0.035538
-5.0	-2.0	0.0	0.035538
-5.0	-2.0	1.0	0.035538
-5.0	-2.0	2.0	0.035538
-5.0	-2.0	3.0	0.035538
-5.0	-2.0	4.0	0.035538
-4.0	-2.0	-4.0	0.035538
-4.0	-2.0	-3.0	0.035538
-4.0	-2.0	-2.0	0.035538
-4.0	-2.0	-1.0	0.035538
-4.0	-2.0	0.0	0.035538
-4.0	-2.0	1.0	0.035538
-4.0	-2.0	2.0	0.035538
-4.0	-2.0	3.0	0.035538
-4.0	-2.0	4.0	0.035538
-3.0	-2.0	-3.0	0.035538
-3.0	-2.0	-2.0	0.035538
-3.0	-2.0	-1.0	0.035538
-3.0	-2.0	0.0	0.035538
-3.0	-2.0	1.0	0.035538
-3.0	-2.0	2.0	0.035538
-3.0	-2.0	3.0	0.035538
-2.0	-2.0	-2.0	0.035538
-2.0	-2.0	-1.0	0.035538
-2.0	-2.0	0.0	0.035538
-2.0	-2.0	1.0	0.035538
-2.0	-2.0	2.0	0.035538
-10.0	-1.0	-2.0	0.035538
-10.0	-1.0	-1.0	0.035538
-10.0	-1.0	0.0	0.035538
-10.0	-1.0	1.0	0.035538
-10.0	-1.0	2.0	0.035538
-9.0	-1.0	-3.0	0.035538
-9.0	-1.0	-2.0	0.035538
-9.0	-1.0	-1.0	0.035538
-9.0	-1.0	0.0	0.035538
-9.0	-1.0	1.0	0.035538
-9.0	-1.0	2.0	0.035538
-9.0	-1.0	3.0	0.035538
-8.0	-1.0	-4.0	0.035538
-8.0	-1.0	-3.0	0.035538
-8.0	-1.0	-2.0	0.035538
-8.0	-1.0	-1.0	0.035538
-8.0	-1.0	0.0	0.035538
-8.0	-1.0	1.0	0.035538
-8.0	-1.0	2.0	0.035538
-8.0	-1.0	3.0	0.035538
-8.0	-1.0	4.0	0.035538
-7.0	-1.0	-4.0	0.035538
-7.0	-1.0	-3.0	0.035538
-7.0	-1.0	-2.0	0.035538
-7.0	-1.0	-1.0	0.035538
-7.0	-1.0	0.0	0.035538
-7.0	-1.0	1.0	0.035538
-7.0	-1.0	2.0	0.035538
-7.0	-1.0	3.0	0.035538
-7.0	-1.0	4.0	0.035538
-6.0	-1.0	-4.0	0.035538
-6.0	-1.0	-3.0	0.035538
-6.0	-1.0	-2.0	0.035538
-6.0	-1.0	-1.0	0.035538
-6.0	-1.0	0.0	0.035538
-6.0	-1.0	1.0	0.035538
-6.0	-1.0	2.0	0.035538
-6.0	-1.0	3.0	0.035538
-6.0	-1.0	4.0	0.035538
-5.0	-1.0	-4.0	0.035538
-5.0	-1.0	-3.0	0.035538
-5.0	-1.0	-2.0	0.035538
-5.0	-1.0	-1.0	0.035538
-5.0	-1.0	0.0	0.035538
-5.0	-1.0	1.0	0.035538
-5.0	-1.0	2.0	0.035538
-5.0	-1.0	3.0	0.035538
-5.0	-1.0	4.0	0.035538
-4.0	-1.0	-4.0	0.035538
-4.0	-1.0	-3.0	0.035538
-4.0	-1.0	-2.0	0.035538
-4.0	-1.0	-1.0	0.035538
-4.0	-1.0	0.0	0.035538
-4.0	-1.0	1.0	0.035538
-4.0	-1.0	2.0	0.035538
-4.0	-1.0	3.0	0.035538
-4.0	-1.0	4.0	0.035538
-3.0	-1.0	-3.0	0.035538
-3.0	-1.0	-2.0	0.035538
-3.0	-1.0	-1.0	0.035538
-3.0	-1.0	0.0	0.035538
-3.0	-1.0	1.0	0.035538
-3.0	-1.0	2.0	0.035538
-3.0	-1.0	3.0	0.035538
-2.0	-1.0	-2.0	0.035538
-2.0	-1.0	-1.0	0.035538
-2.0	-1.0	0.0	0.035538
-2.0	-1.0	1.0	0.035538
-2.0	-1.0	2.0	0.035538
-11.0	0.0	0.0	0.035538
-10.0	0.0	-3.0	0.035538
-10.0	0.0	-2.0	0.035538
-10.0	0.0	-1.0	0.035538
-10.0	0.0	0.0	0.035538
-10.0	0.0	1.0	0.035538
-10.0	0.0	2.0	0.035538
-10.0	0.0	3.0	0.035538
-9.0	0.0	-4.0	0.035538
-9.0	0.0	-3.0	0.035538
-9.0	0.0	-2.0	0.035538
-9.0	0.0	-1.0	0.035538
-9.0	0.0	0.0	0.035538
-9.0	0.0	1.0	0.035538
-9.0	0.0	2.0	0.035538
-9.0	0.0	3.0	0.035538
-9.0	0.0	4.0	0.035538
-8.0	0.0	-4.0	0.035538
-8.0	0.0	-3.0	0.035538
-8.0	0.0	-2.0	0.035538
-8.0	0.0	-1.0	0.035538
-8.0	0.0	0.0	0.035538
-8.0	0.0	1.0	0.035538
-8.0	0.0	2.0	0.035538
-8.0	0.0	3.0	0.035538
-8.0	0.0	4.0	0.035538
-7.0	0.0	-4.0	0.035538
-7.0	0.0	-3.0	0.035538
-7.0	0.0	-2.0	0.035538
-7.0	0.0	-1.0	0.035538
-7.0	0.0	0.0	0.035538
-7.0	0.0	1.0	0.035538
-7.0	0.0	2.0	0.035538
-7.0	0.0	3.0	0.035538
-7.0	0.0	4.0	0.035538
-6.0	0.0	-5.0	0.035538
-6.0	0.0	-4.0	0.035538
-6.0	0.0	-3.0	0.035538
-6.0	0.0	-2.0	0.035538
-6.0	0.0	-1.0	0.035538
-6.0	0.0	0.0	0.035538
-6.0	0.0	1.0	0.035538
-6.0	0.0	2.0	0.035538
-6.0	0.0	3.0	0.035538
-6.0	0.0	4.0	0.035538
-6.0	0.0	5.0	0.035538
-5.0	0.0	-4.0	0.035538
-5.0	0.0	-3.0	0.035538
-5.0	0.0	-2.0	0.035538
-5.0	0.0	-1.0	0.035538
-5.0	0.0	0.0	0.035538
-5.0	0.0	1.0	0.035538
-5.0	0.0	2.0	0.035538
-5.0	0.0	3.0	0.035538
-5.0	0.0	4.0	0.035538
-4.0	0.0	-4.0	0.035538
-4.0	0.0	-3.0	0.035538
-4.0	0.0	-2.0	0.035538
-4.0	0.0	-1.0	0.035538
-4.0	0.0	0.0	0.035538
-4.0	0.0	1.0	0.035538
-4.0	0.0	2.0	0.035538
-4.0	0.0	3.0	0.035538
-4.0	0.0	4.0	0.035538
-3.0	0.0	-4.0	0.035538
-3.0	0.0	-3.0	0.035538
-3.0	0.0	-2.0	0.035538
-3.0	0.0	-1.0	0.035538
-3.0	0.0	0.0	0.035538
-3.0	0.0	1.0	0.035538
-3.0	0.0	2.0	0.035538
-3.0	0.0	3.0	0.035538
-3.0	0.0	4.0	0.035538
-2.0	0.0	-3.0	0.035538
-2.0	0.0	-2.0	0.035538
-2.0	0.0	-1.0	0.035538
-2.0	0.0	0.0	0.035538
-2.0	0.0	1.0	0.035538
-2.0	0.0	2.0	0.035538
-2.0	0.0	3.0	0.035538
-1.0	0.0	0.0	0.035538
-10.0	1.0	-2.0	0.035538
-10.0	1.0	-1.0	0.035538
-10.0	1.0	0.0	0.035538
-10.0	1.0	1.0	0.035538
-10.0	1.0	2.0	0.035538
-9.0	1.0	-3.0	0.035538
-9.0	1.0	-2.0	0.035538
-9.0	1.0	-1.0	0.035538
-9.0	1.0	0.0	0.035538
-9.0	1.0	1.0	0.035538
-9.0	1.0	2.0	0.035538
-9.0	1.0	3.0	0.035538
-8.0	1.0	-4.0	0.035538
-8.0	1.0	-3.0	0.035538
-8.0	1.0	-2.0	0.035538
-8.0	1.0	-1.0	0.035538
-8.0	1.0	0.0	0.035538
-8.0	1.0	1.0	0.035538
-8.0	1.0	2.0	0.035538
-8.0	1.0	3.0	0.035538
-8.0	1.0	4.0	0.035538
-7.0	1.0	-4.0	0.035538
-7.0	1.0	-3.0	0.035538
-7.0	1.0	-2.0	0.035538
-7.0	1.0	-1.0	0.035538
-7.0	1.0	0.0	0.035538
-7.0	1.0	1.0	0.035538
-7.0	1.0	2.0	0.035538
-7.0	1.0	3.0	0.035538
-7.0	1.0	4.0	0.035538
-6.0	1.0	-4.0	0.035538
-6.0	1.0	-3.0	0.035538
-6.0	1.0	-2.0	0.035538
-6.0	1.0	-1.0	0.035538
-6.0	1.0	0.0	0.035538
-6.0	1.0	1.0	0.035538
-6.0	1.0	2.0	0.035538
-6.0	1.0	3.0	0.035538
-6.0	1.0	4.0	0.035538
-5.0	1.0	-4.0	0.035538
-5.0	1.0	-3.0	0.035538
-5.0	1.0	-2.0	0.035538
-5.0	1.0	-1.0	0.035538
-5.0	1.0	0.0	0.035538
-5.0	1.0	1.0	0.035538
-5.0	1.0	2.0	0.035538
-5.0	1.0	3.0	0.035538
-5.0	1.0	4.0	0.035538
-4.0	1.0	-4.0	0.035538
-4.0	1.0	-3.0	0.035538
-4.0	1.0	-2.0	0.035538
-4.0	1.0	-1.0	0.035538
-4.0	1.0	0.0	0.035538
-4.0	1.0	1.0	0.035538
-4.0	1.0	2.0	0.035538
-4.0	1.0	3.0	0.035538
-4.0	1.0	4.0	0.035538
-3.0	1.0	-3.0	0.035538
-3.0	1.0	-2.0	0.035538
-3.0	1.0	-1.0	0.035538
-3.0	1.0	0.0	0.035538
-3.0	1.0	1.0	0.035538
-3.0	1.0	2.0	0.035538
-3.0	1.0	3.0	0.035538
-2.0	1.0	-2.0	0.035538
-2.0	1.0	-1.0	0.035538
-2.0	1.0	0.0	0.035538
-2.0	1.0	1.0	0.035538
-2.0	1.0	2.0	0.035538
-10.0	2.0	-2.0	0.035538
-10.0	2.0	-1.0	0.035538
-10.0	2.0	0.0	0.035538
-10.0	2.0	1.0	0.035538
-10.0	2.0	2.0	0.035538
-9.0	2.0	-3.0	0.035538
-9.0	2.0	-2.0	0.035538
-9.0	2.0	-1.0	0.035538
-9.0	2.0	0.0	0.035538
-9.0	2.0	1.0	0.035538
-9.0	2.0	2.0	0.035538
-9.0	2.0	3.0	0.035538
-8.0	2.0	-4.0	0.035538
-8.0	2.0	-3.0	0.035538
-8.0	2.0	-2.0	0.035538
-8.0	2.0	-1.0	0.035538
-8.0	2.0	0.0	0.035538
-8.0	2.0	1.0	0.035538
-8.0	2.0	2.0	0.035538
-8.0	2.0	3.0	0.035538
-8.0	2.0	4.0	0.035538
-7.0	2.0	-4.0	0.035538
-7.0	2.0	-3.0	0.035538
-7.0	2.0	-2.0	0.035538
-7.0	2.0	-1.0	0.035538
-7.0	2.0	0.0	0.035538
-7.0	2.0	1.0	0.035538
-7.0	2.0	2.0	0.035538
-7.0	2.0	3.0	0.035538
-7.0	2.0	4.0	0.035538
-6.0	2.0	-4.0	0.035538
-6.0	2.0	-3.0	0.035538
-6.0	2.0	-2.0	0.035538
-6.0	2.0	-1.0	0.035538
-6.0	2.0	0.0	0.035538
-6.0	2.0	1.0	0.035538
-6.0	2.0	2.0	0.035538
-6.0	2.0	3.0	0.035538
-6.0	2.0	4.0	0.035538
-5.0	2.0	-4.0	0.035538
-5.0	2.0	-3.0	0.035538
-5.0	2.0	-2.0	0.035538
-5.0	2.0	-1.0	0.035538
-5.0	2.0	0.0	0.035538
-5.0	2.0	1.0	0.035538
-5.0	2.0	2.0	0.035538
-5.0	2.0	3.0	0.035538
-5.0	2.0	4.0	0.035538
-4.0	2.0	-4.0	0.035538
-4.0	2.0	-3.0	0.035538
-4.0	2.0	-2.0	0.035538
-4.0	2.0	-1.0	0.035538
-4.0	2.0	0.0	0.035538
-4.0	2.0	1.0	0.035538
-4.0	2.0	2.0	0.035538
-4.0	2.0	3.0	0.035538
-4.0	2.0	4.0	0.035538
-3.0	2.0	-3.0	0.035538
-3.0	2.0	-2.0	0.035538
-3.0	2.0	-1.0	0.035538
-3.0	2.0	0.0	0.035538
-3.0	2.0	1.0	0.035538
-3.0	2.0	2.0	0.035538
-3.0	2.0	3.0	0.035538
-2.0	2.0	-2.0	0.035538
-2.0	2.0	-1.0	0.035538
-2.0	2.0	0.0	0.035538
-2.0	2.0	1.0	0.035538
-2.0	2.0	2.0	0.035538
-10.0	3.0	0.0	0.035538
-9.0	3.0	-2.0	0.035538
-9.0	3.0	-1.0	0.035538
-9.0	3.0	0.0	0.035538
-9.0	3.0	1.0	0.035538
-9.0	3.0	2.0	0.035538
-8.0	3.0	-3.0	0.035538
-8.0	3.0	-2.0	0.035538
-8.0	3.0	-1.0	0.035538
-8.0	3.0	0.0	0.035538
-8.0	3.0	1.0	0.035538
-8.0	3.0	2.0	0.035538
-8.0	3.0	3.0	0.035538
-7.0	3.0	-3.0	0.035538
-7.0	3.0	-2.0	0.035538
-7.0	3.0	-1.0	0.035538
-7.0	3.0	0.0	0.035538
-7.0	3.0	1.0	0.035538
-7.0	3.0	2.0	0.035538
-7.0	3.0	3.0	0.035538
-6.0	3.0	-4.0	0.035538
-6.0	3.0	-3.0	0.035538
-6.0	3.0	-2.0	0.035538
-6.0	3.0	-1.0	0.035538
-6.0	3.0	0.0	0.035538
-6.0	3.0	1.0	0.035538
-6.0	3.0	2.0	0.035538
-6.0	3.0	3.0	0.035538
-6.0	3.0	4.0	0.035538
-5.0	3.0	-3.0	0.035538
-5.0	3.0	-2.0	0.035538
-5.0	3.0	-1.0	0.035538
-5.0	3.0	0.0	0.035538
-5.0	3.0	1.0	0.035538
-5.0	3.0	2.0	0.035538
-5.0	3.0	3.0	0.035538
-4.0	3.0	-3.0	0.035538
-4.0	3.0	-2.0	0.035538
-4.0	3.0	-1.0	0.035538
-4.0	3.0	0.0	0.035538
-4.0	3.0	1.0	0.035538
-4.0	3.0	2.0	0.035538
-4.0	3.0	3.0	0.035538
-3.0	3.0	-2.0	0.035538
-3.0	3.0	-1.0	0.035538
-3.0	3.0	0.0	0.035538
-3.0	3.0	1.0	0.035538
-3.0	3.0	2.0	0.035538
-2.0	3.0	0.0	0.035538
-9.0	4.0	0.0	0.035538
-8.0	4.0	-2.0	0.035538
-8.0	4.0	-1.0	0.035538
-8.0	4.0	0.0	0.035538
-8.0	4.0	1.0	0.035538
-8.0	4.0	2.0	0.035538
-7.0	4.0	-2.0	0.035538
-7.0	4.0	-1.0	0.035538
-7.0	4.0	0.0	0.035538
-7.0	4.0	1.0	0.035538
-7.0	4.0	2.0	0.035538
-6.0	4.0	-3.0	0.035538
-6.0	4.0	-2.0	0.035538
-6.0	4.0	-1.0	0.035538
-6.0	4.0	0.0	0.035538
-6.0	4.0	1.0	0.035538
-6.0	4.0	2.0	0.035538
-6.0	4.0	3.0	0.035538
-5.0	4.0	-2.0	0.035538
-5.0	4.0	-1.0	0.035538
-5.0	4.0	0.0	0.035538
-5.0	4.0	1.0	0.035538
-5.0	4.0	2.0	0.035538
-4.0	4.0	-2.0	0.035538
-4.0	4.0	-1.0	0.035538
-4.0	4.0	0.0	0.035538
-4.0	4.0	1.0	0.035538
-4.0	4.0	2.0	0.035538
-3.0	4.0	0.0	0.035538
-6.0	5.0	0.0	0.035538
