 5.0000E-03 6.2000E-01 2.9430E-02 2.9388E-02 4.2187E-05 -3.4588E-04 4.0217E-01 5.0336E-06   214
 5.0000E-03 6.1370E-01 3.4620E-02 3.4575E-02 4.4789E-05 -3.1257E-04 4.0217E-01 5.3437E-06   214
 5.0000E-03 6.0760E-01 3.8372E-02 3.8324E-02 4.7292E-05 -2.8014E-04 4.0217E-01 5.6419E-06   214
 5.0000E-03 6.0160E-01 4.0832E-02 4.0782E-02 5.0258E-05 -2.4700E-04 4.0217E-01 5.9954E-06   214
 5.0000E-03 5.9570E-01 4.3607E-02 4.3553E-02 5.4019E-05 -2.1219E-04 4.0217E-01 6.4435E-06   214
 5.0000E-03 5.8990E-01 4.7753E-02 4.7695E-02 5.8535E-05 -1.7649E-04 4.0217E-01 6.9817E-06   214
 5.0000E-03 5.8420E-01 5.3569E-02 5.3505E-02 6.3726E-05 -1.4059E-04 4.0217E-01 7.6002E-06   214
 5.0000E-03 5.7870E-01 6.1059E-02 6.0989E-02 6.9348E-05 -1.0624E-04 4.0217E-01 8.2701E-06   214
 5.0000E-03 5.7320E-01 7.0789E-02 7.0714E-02 7.5573E-05 -7.1603E-05 4.0217E-01 9.0118E-06   214
 5.0000E-03 5.6790E-01 8.2668E-02 8.2586E-02 8.2174E-05 -3.7398E-05 4.0217E-01 9.7983E-06   214
 5.0000E-03 5.6260E-01 9.7314E-02 9.7225E-02 8.9283E-05 -2.5826E-06 4.0217E-01 1.0645E-05   214
 5.0000E-03 5.5740E-01 1.1459E-01 1.1449E-01 9.6597E-05  3.1984E-05 4.0217E-01 1.1516E-05   214
 5.0000E-03 5.5240E-01 1.3394E-01 1.3383E-01 1.0370E-04  6.5372E-05 4.0217E-01 1.2363E-05   214
 5.0000E-03 5.4740E-01 1.5602E-01 1.5591E-01 1.1077E-04  9.9392E-05 4.0217E-01 1.3204E-05   214
 5.0000E-03 5.4250E-01 1.8058E-01 1.8046E-01 1.1747E-04  1.3416E-04 4.0217E-01 1.4002E-05   214
 5.0000E-03 5.3770E-01 2.0534E-01 2.0522E-01 1.2244E-04  1.6791E-04 4.0217E-01 1.4593E-05   214
 5.0000E-03 5.3300E-01 2.2852E-01 2.2839E-01 1.2531E-04  2.0080E-04 4.0217E-01 1.4934E-05   214
 5.0000E-03 5.2830E-01 2.4907E-01 2.4895E-01 1.2600E-04  2.3375E-04 4.0217E-01 1.5016E-05   214
 5.0000E-03 5.2380E-01 2.6529E-01 2.6516E-01 1.2468E-04  2.6563E-04 4.0217E-01 1.4857E-05   214
 5.0000E-03 5.1930E-01 2.7509E-01 2.7497E-01 1.1961E-04  2.9951E-04 4.0217E-01 1.4252E-05   214
 5.0000E-03 5.1490E-01 2.7529E-01 2.7518E-01 1.1073E-04  3.3521E-04 4.0217E-01 1.3193E-05   214
 5.0000E-03 5.1060E-01 2.7059E-01 2.7049E-01 1.0201E-04  3.7053E-04 4.0217E-01 1.2153E-05   214
 5.0000E-03 5.0630E-01 2.6230E-01 2.6220E-01 9.3693E-05  4.0652E-04 4.0217E-01 1.1161E-05   214
 5.0000E-03 5.0210E-01 2.5183E-01 2.5175E-01 8.6242E-05  4.4250E-04 4.0217E-01 1.0273E-05   214
 5.0000E-03 4.9800E-01 2.4024E-01 2.4016E-01 7.9780E-05  4.7860E-04 4.0217E-01 9.5024E-06   214
 5.0000E-03 4.9400E-01 2.2969E-01 2.2961E-01 7.5431E-05  5.0965E-04 4.0217E-01 8.9838E-06   214
 5.0000E-03 4.9000E-01 2.2120E-01 2.2113E-01 7.3149E-05  5.3455E-04 4.0217E-01 8.7116E-06   214
 5.0000E-03 4.8610E-01 2.1391E-01 2.1384E-01 7.1795E-05  5.5704E-04 4.0217E-01 8.5499E-06   214
 5.0000E-03 4.8220E-01 2.0755E-01 2.0748E-01 7.1203E-05  5.7757E-04 4.0217E-01 8.4790E-06   214
 5.0000E-03 4.7840E-01 2.0218E-01 2.0211E-01 7.1291E-05  5.9549E-04 4.0217E-01 8.4891E-06   214
 5.0000E-03 4.7470E-01 1.9767E-01 1.9760E-01 7.1957E-05  6.1078E-04 4.0217E-01 8.5681E-06   214
 5.0000E-03 4.7100E-01 1.9401E-01 1.9394E-01 7.3181E-05  6.2368E-04 4.0217E-01 8.7136E-06   214
 5.0000E-03 4.6740E-01 1.9222E-01 1.9215E-01 7.4851E-05  6.3433E-04 4.0217E-01 8.9122E-06   214
 5.0000E-03 4.6380E-01 1.9089E-01 1.9082E-01 7.6793E-05  6.4397E-04 4.0217E-01 9.1432E-06   214
 5.0000E-03 4.6030E-01 1.9002E-01 1.8994E-01 7.8946E-05  6.5229E-04 4.0217E-01 9.3993E-06   214
 5.0000E-03 4.5680E-01 1.8955E-01 1.8947E-01 8.1370E-05  6.5949E-04 4.0217E-01 9.6878E-06   214
 5.0000E-03 4.5340E-01 1.8946E-01 1.8938E-01 8.3997E-05  6.6533E-04 4.0217E-01 1.0000E-05   214
 5.0000E-03 4.5010E-01 1.8941E-01 1.8932E-01 8.6610E-05  6.7134E-04 4.0217E-01 1.0311E-05   214
 5.0000E-03 4.4680E-01 1.8864E-01 1.8855E-01 8.8758E-05  6.8169E-04 4.0217E-01 1.0567E-05   214
 5.0000E-03 4.4350E-01 1.8802E-01 1.8793E-01 9.0989E-05  6.9237E-04 4.0217E-01 1.0832E-05   214
 5.0000E-03 4.4030E-01 1.8755E-01 1.8746E-01 9.3236E-05  7.0306E-04 4.0217E-01 1.1099E-05   214
 5.0000E-03 4.3710E-01 1.8721E-01 1.8712E-01 9.5568E-05  7.1407E-04 4.0217E-01 1.1376E-05   214
 5.0000E-03 4.3400E-01 1.8701E-01 1.8691E-01 9.7910E-05  7.2505E-04 4.0217E-01 1.1655E-05   214
 5.0000E-03 4.3090E-01 1.8692E-01 1.8682E-01 1.0034E-04  7.3634E-04 4.0217E-01 1.1944E-05   214
 5.0000E-03 4.2790E-01 1.8750E-01 1.8740E-01 1.0305E-04  7.4539E-04 4.0217E-01 1.2267E-05   214
 5.0000E-03 4.2490E-01 1.8830E-01 1.8820E-01 1.0594E-04  7.5413E-04 4.0217E-01 1.2609E-05   214
 5.0000E-03 4.2190E-01 1.8927E-01 1.8917E-01 1.0895E-04  7.6282E-04 4.0217E-01 1.2968E-05   214
 5.0000E-03 4.1900E-01 1.9037E-01 1.9026E-01 1.1201E-04  7.7116E-04 4.0217E-01 1.3332E-05   214
 5.0000E-03 4.1620E-01 1.9159E-01 1.9147E-01 1.1509E-04  7.7916E-04 4.0217E-01 1.3699E-05   214
 5.0000E-03 4.1330E-01 1.9300E-01 1.9288E-01 1.1843E-04  7.8741E-04 4.0217E-01 1.4095E-05   214
 5.0000E-03 6.2000E-01 2.9430E-02 2.9388E-02 4.2187E-05 -3.4588E-04 4.0217E-01 5.0336E-06   214
 5.0000E-03 6.1370E-01 3.4620E-02 3.4575E-02 4.4789E-05 -3.1257E-04 4.0217E-01 5.3437E-06   214
 5.0000E-03 6.0760E-01 3.8372E-02 3.8324E-02 4.7292E-05 -2.8014E-04 4.0217E-01 5.6419E-06   214
 5.0000E-03 6.0160E-01 4.0832E-02 4.0782E-02 5.0258E-05 -2.4700E-04 4.0217E-01 5.9954E-06   214
 5.0000E-03 5.9570E-01 4.3607E-02 4.3553E-02 5.4019E-05 -2.1219E-04 4.0217E-01 6.4435E-06   214
 5.0000E-03 5.8990E-01 4.7753E-02 4.7695E-02 5.8535E-05 -1.7649E-04 4.0217E-01 6.9817E-06   214
 5.0000E-03 5.8420E-01 5.3569E-02 5.3505E-02 6.3726E-05 -1.4059E-04 4.0217E-01 7.6002E-06   214
 5.0000E-03 5.7870E-01 6.1059E-02 6.0989E-02 6.9348E-05 -1.0624E-04 4.0217E-01 8.2701E-06   214
 5.0000E-03 5.7320E-01 7.0789E-02 7.0714E-02 7.5573E-05 -7.1603E-05 4.0217E-01 9.0118E-06   214
 5.0000E-03 5.6790E-01 8.2668E-02 8.2586E-02 8.2174E-05 -3.7398E-05 4.0217E-01 9.7983E-06   214
 5.0000E-03 5.6260E-01 9.7314E-02 9.7225E-02 8.9283E-05 -2.5826E-06 4.0217E-01 1.0645E-05   214
 5.0000E-03 5.5740E-01 1.1459E-01 1.1449E-01 9.6597E-05  3.1984E-05 4.0217E-01 1.1516E-05   214
 5.0000E-03 5.5240E-01 1.3394E-01 1.3383E-01 1.0370E-04  6.5372E-05 4.0217E-01 1.2363E-05   214
 5.0000E-03 5.4740E-01 1.5602E-01 1.5591E-01 1.1077E-04  9.9392E-05 4.0217E-01 1.3204E-05   214
 5.0000E-03 5.4250E-01 1.8058E-01 1.8046E-01 1.1747E-04  1.3416E-04 4.0217E-01 1.4002E-05   214
 5.0000E-03 5.3770E-01 2.0534E-01 2.0522E-01 1.2244E-04  1.6791E-04 4.0217E-01 1.4593E-05   214
 5.0000E-03 5.3300E-01 2.2852E-01 2.2839E-01 1.2531E-04  2.0080E-04 4.0217E-01 1.4934E-05   214
 5.0000E-03 5.2830E-01 2.4907E-01 2.4895E-01 1.2600E-04  2.3375E-04 4.0217E-01 1.5016E-05   214
 5.0000E-03 5.2380E-01 2.6529E-01 2.6516E-01 1.2468E-04  2.6563E-04 4.0217E-01 1.4857E-05   214
 5.0000E-03 5.1930E-01 2.7509E-01 2.7497E-01 1.1961E-04  2.9951E-04 4.0217E-01 1.4252E-05   214
 5.0000E-03 5.1490E-01 2.7529E-01 2.7518E-01 1.1073E-04  3.3521E-04 4.0217E-01 1.3193E-05   214
 5.0000E-03 5.1060E-01 2.7059E-01 2.7049E-01 1.0201E-04  3.7053E-04 4.0217E-01 1.2153E-05   214
 5.0000E-03 5.0630E-01 2.6230E-01 2.6220E-01 9.3693E-05  4.0652E-04 4.0217E-01 1.1161E-05   214
 5.0000E-03 5.0210E-01 2.5183E-01 2.5175E-01 8.6242E-05  4.4250E-04 4.0217E-01 1.0273E-05   214
 5.0000E-03 4.9800E-01 2.4024E-01 2.4016E-01 7.9780E-05  4.7860E-04 4.0217E-01 9.5024E-06   214
 5.0000E-03 4.9400E-01 2.2969E-01 2.2961E-01 7.5431E-05  5.0965E-04 4.0217E-01 8.9838E-06   214
 5.0000E-03 4.9000E-01 2.2120E-01 2.2113E-01 7.3149E-05  5.3455E-04 4.0217E-01 8.7116E-06   214
 5.0000E-03 4.8610E-01 2.1391E-01 2.1384E-01 7.1795E-05  5.5704E-04 4.0217E-01 8.5499E-06   214
 5.0000E-03 4.8220E-01 2.0755E-01 2.0748E-01 7.1203E-05  5.7757E-04 4.0217E-01 8.4790E-06   214
 5.0000E-03 4.7840E-01 2.0218E-01 2.0211E-01 7.1291E-05  5.9549E-04 4.0217E-01 8.4891E-06   214
 5.0000E-03 4.7470E-01 1.9767E-01 1.9760E-01 7.1957E-05  6.1078E-04 4.0217E-01 8.5681E-06   214
 5.0000E-03 4.7100E-01 1.9401E-01 1.9394E-01 7.3181E-05  6.2368E-04 4.0217E-01 8.7136E-06   214
 5.0000E-03 4.6740E-01 1.9222E-01 1.9215E-01 7.4851E-05  6.3433E-04 4.0217E-01 8.9122E-06   214
 5.0000E-03 4.6380E-01 1.9089E-01 1.9082E-01 7.6793E-05  6.4397E-04 4.0217E-01 9.1432E-06   214
 5.0000E-03 4.6030E-01 1.9002E-01 1.8994E-01 7.8946E-05  6.5229E-04 4.0217E-01 9.3993E-06   214
 5.0000E-03 4.5680E-01 1.8955E-01 1.8947E-01 8.1370E-05  6.5949E-04 4.0217E-01 9.6878E-06   214
 5.0000E-03 4.5340E-01 1.8946E-01 1.8938E-01 8.3997E-05  6.6533E-04 4.0217E-01 1.0000E-05   214
 5.0000E-03 4.5010E-01 1.8941E-01 1.8932E-01 8.6610E-05  6.7134E-04 4.0217E-01 1.0311E-05   214
 5.0000E-03 4.4680E-01 1.8864E-01 1.8855E-01 8.8758E-05  6.8169E-04 4.0217E-01 1.0567E-05   214
 5.0000E-03 4.4350E-01 1.8802E-01 1.8793E-01 9.0989E-05  6.9237E-04 4.0217E-01 1.0832E-05   214
 5.0000E-03 4.4030E-01 1.8755E-01 1.8746E-01 9.3236E-05  7.0306E-04 4.0217E-01 1.1099E-05   214
 5.0000E-03 4.3710E-01 1.8721E-01 1.8712E-01 9.5568E-05  7.1407E-04 4.0217E-01 1.1376E-05   214
 5.0000E-03 4.3400E-01 1.8701E-01 1.8691E-01 9.7910E-05  7.2505E-04 4.0217E-01 1.1655E-05   214
 5.0000E-03 4.3090E-01 1.8692E-01 1.8682E-01 1.0034E-04  7.3634E-04 4.0217E-01 1.1944E-05   214
 5.0000E-03 4.2790E-01 1.8750E-01 1.8740E-01 1.0305E-04  7.4539E-04 4.0217E-01 1.2267E-05   214
 5.0000E-03 4.2490E-01 1.8830E-01 1.8820E-01 1.0594E-04  7.5413E-04 4.0217E-01 1.2609E-05   214
 5.0000E-03 4.2190E-01 1.8927E-01 1.8917E-01 1.0895E-04  7.6282E-04 4.0217E-01 1.2968E-05   214
 5.0000E-03 4.1900E-01 1.9037E-01 1.9026E-01 1.1201E-04  7.7116E-04 4.0217E-01 1.3332E-05   214
 5.0000E-03 4.1620E-01 1.9159E-01 1.9147E-01 1.1509E-04  7.7916E-04 4.0217E-01 1.3699E-05   214
 5.0000E-03 4.1330E-01 1.9300E-01 1.9288E-01 1.1843E-04  7.8741E-04 4.0217E-01 1.4095E-05   214
