  -15.0    0.0    0.0 1   -0.000000   -0.000000    0.527739   -1.146209   -0.000000   -0.000000   -0.000000   -0.000000    0.437400   -0.036548    0.000000    0.000000
  -14.0   -3.0    0.0 1    0.308860    0.489491    1.089519    0.198747   -0.000000   -0.000000   -0.007073   -0.004578    0.126427    0.369739   -0.098022    0.188130
  -14.0   -2.0   -2.0 1    0.227610    0.298963    0.829412   -0.196989    0.151433    0.226766   -0.042942    0.084347    0.210522    0.217064   -0.050214    0.128289
  -14.0   -2.0   -1.0 1    0.210170    0.106088    0.898098   -0.364892   -0.125840    0.005266   -0.023421   -0.042187    0.270409    0.210561    0.005650    0.087069
  -14.0   -2.0    0.0 1    0.238809    0.053447    0.873444    0.299887   -0.000000   -0.000000    0.001490   -0.004473    0.059093    0.318199    0.027168    0.086206
  -14.0   -2.0    1.0 1    0.210170    0.106088    0.898098   -0.364892    0.125840   -0.005266    0.024573    0.031894    0.265123    0.211542    0.003659    0.087227
  -14.0   -2.0    2.0 1    0.227610    0.298963    0.829412   -0.196989   -0.151433   -0.226766    0.044713   -0.089037    0.196960    0.221223   -0.055439    0.126483
  -14.0   -1.0   -2.0 1    0.106129    0.088665    1.171206    0.044064   -0.102702    0.112273   -0.053964   -0.012430    0.198164    0.364560   -0.007779    0.050363
  -14.0   -1.0   -1.0 1    0.071264    0.037442    1.129579    0.041829    0.102477   -0.060009    0.036507    0.018855    0.187904    0.350808    0.002344    0.029316
  -14.0   -1.0    0.0 1   -0.082815   -0.015913    0.966814   -0.066611    0.000000    0.000000    0.001363   -0.002937    0.189546    0.281698   -0.008589   -0.026513
  -14.0   -1.0    1.0 1    0.071264    0.037442    1.129579    0.041829   -0.102477    0.060009   -0.034991   -0.024093    0.181216    0.351193    0.001442    0.029855
  -14.0   -1.0    2.0 1    0.106129    0.088665    1.171206    0.044064    0.102702   -0.112273    0.051020    0.009920    0.183692    0.363657   -0.008707    0.050000
  -14.0    0.0   -3.0 1    0.000000   -0.000000    0.710857   -1.115044   -0.000000   -0.000000    0.000000    0.000000    0.469789    0.012656    0.000000    0.000000
  -14.0    0.0   -2.0 1    0.000000   -0.000000    0.939316    0.289735    0.000000   -0.000000    0.000000    0.000000    0.080324    0.338056    0.000000    0.000000
  -14.0    0.0   -1.0 1    0.000000   -0.000000    1.095874    0.279309   -0.000000   -0.000000    0.000000    0.000000    0.110597    0.381232    0.000000    0.000000
  -14.0    0.0    0.0 1    0.000000   -0.000000    0.927931   -0.040252   -0.000000    0.000000   -0.000000    0.000000    0.176523    0.274739    0.000000    0.000000
  -14.0    0.0    1.0 1    0.000000   -0.000000    1.095874    0.279309   -0.000000   -0.000000   -0.000000   -0.000000    0.103094    0.380831    0.000000    0.000000
  -14.0    0.0    2.0 1    0.000000   -0.000000    0.939316    0.289735   -0.000000    0.000000   -0.000000   -0.000000    0.072277    0.333687    0.000000   -0.000000
  -14.0    0.0    3.0 1    0.000000   -0.000000    0.710857   -1.115044    0.000000    0.000000   -0.000000    0.000000    0.456470    0.030651    0.000000    0.000000
  -14.0    1.0   -2.0 1   -0.106129   -0.088665    1.171206    0.044064    0.102702   -0.112273    0.053964    0.012430    0.198164    0.364560    0.007779   -0.050363
  -14.0    1.0   -1.0 1   -0.071264   -0.037442    1.129579    0.041829   -0.102477    0.060009   -0.036507   -0.018855    0.187904    0.350808   -0.002344   -0.029316
  -14.0    1.0    0.0 1    0.082815    0.015913    0.966814   -0.066611   -0.000000    0.000000   -0.001363    0.002937    0.189546    0.281698    0.008589    0.026513
  -14.0    1.0    1.0 1   -0.071264   -0.037442    1.129579    0.041829    0.102477   -0.060009    0.034991    0.024093    0.181216    0.351193   -0.001442   -0.029855
  -14.0    1.0    2.0 1   -0.106129   -0.088665    1.171206    0.044064   -0.102702    0.112273   -0.051020   -0.009920    0.183692    0.363657    0.008707   -0.050000
  -14.0    2.0   -2.0 1   -0.227610   -0.298963    0.829412   -0.196989   -0.151433   -0.226766    0.042942   -0.084347    0.210522    0.217064    0.050214   -0.128289
  -14.0    2.0   -1.0 1   -0.210170   -0.106088    0.898098   -0.364892    0.125840   -0.005266    0.023421    0.042187    0.270409    0.210561   -0.005650   -0.087069
  -14.0    2.0    0.0 1   -0.238809   -0.053447    0.873444    0.299887    0.000000    0.000000   -0.001490    0.004473    0.059093    0.318199   -0.027168   -0.086206
  -14.0    2.0    1.0 1   -0.210170   -0.106088    0.898098   -0.364892   -0.125840    0.005266   -0.024573   -0.031894    0.265123    0.211542   -0.003659   -0.087227
  -14.0    2.0    2.0 1   -0.227610   -0.298963    0.829412   -0.196989    0.151433    0.226766   -0.044713    0.089037    0.196960    0.221223    0.055439   -0.126483
  -14.0    3.0    0.0 1   -0.308860   -0.489491    1.089519    0.198747    0.000000   -0.000000    0.007073    0.004578    0.126427    0.369739    0.098022   -0.188130
  -13.0   -4.0    0.0 1    0.377954    0.647242    1.199359    0.430166   -0.000000   -0.000000   -0.009569   -0.006497    0.077535    0.445700   -0.132130    0.240573
  -13.0   -3.0   -2.0 1    0.164041    0.161248    1.092128   -0.137258    0.179694    0.158093   -0.017585    0.077750    0.243441    0.307471   -0.017101    0.086303
  -13.0   -3.0   -1.0 1    0.116712    0.022474    0.978406   -0.351835   -0.019339   -0.042689    0.010776   -0.022196    0.283940    0.235625    0.016043    0.047429
  -13.0   -3.0    0.0 1   -0.081103    0.109337    0.706997    0.152996   -0.000000   -0.000000    0.002752   -0.004397    0.077665    0.241723   -0.048428   -0.000277
  -13.0   -3.0    1.0 1    0.116712    0.022474    0.978406   -0.351835    0.019339    0.042689   -0.009502    0.005097    0.278119    0.237270    0.015613    0.045912
  -13.0   -3.0    2.0 1    0.164041    0.161248    1.092128   -0.137258   -0.179694   -0.158093    0.016789   -0.090343    0.226655    0.311639   -0.021630    0.086302
  -13.0   -2.0   -3.0 1    0.171144    0.173707    1.006518   -0.288000    0.182878    0.179130   -0.020942    0.084620    0.275901    0.252877   -0.020401    0.089209
  -13.0   -2.0   -2.0 1   -0.014219    0.007601    0.947578    0.027148   -0.030488   -0.023679    0.002062   -0.017766    0.165955    0.293782   -0.005330    0.000750
  -13.0   -2.0   -1.0 1   -0.013210    0.012624    1.043508    0.026665    0.029471    0.004958    0.004296    0.005622    0.180935    0.322230   -0.006341    0.002239
  -13.0   -2.0    0.0 1    0.007108    0.092251    0.850757   -0.032702   -0.000000   -0.000000    0.001023   -0.005234    0.160883    0.252325   -0.027506    0.023159
  -13.0   -2.0    1.0 1   -0.013210    0.012624    1.043508    0.026665   -0.029471   -0.004958   -0.003123   -0.014016    0.174216    0.322728   -0.006530    0.002390
  -13.0   -2.0    2.0 1   -0.014219    0.007601    0.947578    0.027148    0.030488    0.023679   -0.001968    0.008941    0.154684    0.292940   -0.004968    0.000852
  -13.0   -2.0    3.0 1    0.171144    0.173707    1.006518   -0.288000   -0.182878   -0.179130    0.024331   -0.091828    0.256041    0.258990   -0.024669    0.087196
  -13.0   -1.0   -3.0 1   -0.091096    0.001148    1.233186   -0.008787   -0.084334    0.002655   -0.017377   -0.027544    0.233186    0.374142   -0.016572   -0.025201
  -13.0   -1.0   -2.0 1    0.048805    0.056172    0.920824    0.035497    0.042023    0.002084    0.007794    0.010387    0.158211    0.287008   -0.008603    0.027505
  -13.0   -1.0   -1.0 1    0.070248   -0.007402    0.968489    0.088597    0.011080    0.021780   -0.004069    0.005469    0.148079    0.311239    0.014825    0.022356
  -13.0   -1.0    0.0 1    0.044911   -0.064290    0.973917    0.002580    0.000000   -0.000000    0.000175   -0.002083    0.172599    0.297145    0.027641    0.004705
  -13.0   -1.0    1.0 1    0.070248   -0.007402    0.968489    0.088597   -0.011080   -0.021780    0.005298   -0.009730    0.141884    0.310448    0.014185    0.022865
  -13.0   -1.0    2.0 1    0.048805    0.056172    0.920824    0.035497   -0.042023   -0.002084   -0.006234   -0.015547    0.147404    0.286623   -0.009200    0.026380
  -13.0   -1.0    3.0 1   -0.091096    0.001148    1.233186   -0.008787    0.084334   -0.002655    0.013448    0.022715    0.210476    0.374120   -0.014141   -0.025111
  -13.0    0.0   -4.0 1    0.000000   -0.000000    0.717298   -1.101673   -0.000000   -0.000000   -0.000000    0.000000    0.472659    0.008194    0.000000   -0.000000
  -13.0    0.0   -3.0 1    0.000000   -0.000000    0.610395    0.349967    0.000000   -0.000000    0.000000    0.000000    0.007452    0.251420    0.000000    0.000000
  -13.0    0.0   -2.0 1    0.000000   -0.000000    1.079440    0.068743    0.000000   -0.000000    0.000000    0.000000    0.177592    0.341458    0.000000    0.000000
  -13.0    0.0   -1.0 1    0.000000    0.000000    0.958228    0.019405    0.000000    0.000000    0.000000    0.000000    0.166939    0.295465    0.000000   -0.000000
  -13.0    0.0    0.0 1    0.000000    0.000000    0.988440    0.013644   -0.000000    0.000000   -0.000000    0.000000    0.171693    0.303939    0.000000    0.000000
  -13.0    0.0    1.0 1    0.000000    0.000000    0.958228    0.019405   -0.000000   -0.000000   -0.000000   -0.000000    0.161077    0.295420    0.000000    0.000000
  -13.0    0.0    2.0 1    0.000000    0.000000    1.079440    0.068743   -0.000000   -0.000000   -0.000000   -0.000000    0.164016    0.340017    0.000000    0.000000
  -13.0    0.0    3.0 1    0.000000   -0.000000    0.610395    0.349967   -0.000000    0.000000   -0.000000   -0.000000   -0.001226    0.244397    0.000000    0.000000
  -13.0    0.0    4.0 1    0.000000   -0.000000    0.717298   -1.101673   -0.000000    0.000000   -0.000000   -0.000000    0.453323    0.034761    0.000000   -0.000000
  -13.0    1.0   -3.0 1    0.091096   -0.001148    1.233186   -0.008787    0.084334   -0.002655    0.017377    0.027544    0.233186    0.374142    0.016572    0.025201
  -13.0    1.0   -2.0 1   -0.048805   -0.056172    0.920824    0.035497   -0.042023   -0.002084   -0.007794   -0.010387    0.158211    0.287008    0.008603   -0.027505
  -13.0    1.0   -1.0 1   -0.070248    0.007402    0.968489    0.088597   -0.011080   -0.021780    0.004069   -0.005469    0.148079    0.311239   -0.014825   -0.022356
  -13.0    1.0    0.0 1   -0.044911    0.064290    0.973917    0.002580    0.000000    0.000000   -0.000175    0.002083    0.172599    0.297145   -0.027641   -0.004705
  -13.0    1.0    1.0 1   -0.070248    0.007402    0.968489    0.088597    0.011080    0.021780   -0.005298    0.009730    0.141884    0.310448   -0.014185   -0.022865
  -13.0    1.0    2.0 1   -0.048805   -0.056172    0.920824    0.035497    0.042023    0.002084    0.006234    0.015547    0.147404    0.286623    0.009200   -0.026380
  -13.0    1.0    3.0 1    0.091096   -0.001148    1.233186   -0.008787   -0.084334    0.002655   -0.013448   -0.022715    0.210476    0.374120    0.014141    0.025111
  -13.0    2.0   -3.0 1   -0.171144   -0.173707    1.006518   -0.288000   -0.182878   -0.179130    0.020942   -0.084620    0.275901    0.252877    0.020401   -0.089209
  -13.0    2.0   -2.0 1    0.014219   -0.007601    0.947578    0.027148    0.030488    0.023679   -0.002062    0.017766    0.165955    0.293782    0.005330   -0.000750
  -13.0    2.0   -1.0 1    0.013210   -0.012624    1.043508    0.026665   -0.029471   -0.004958   -0.004296   -0.005622    0.180935    0.322230    0.006341   -0.002239
  -13.0    2.0    0.0 1   -0.007108   -0.092251    0.850757   -0.032702   -0.000000    0.000000   -0.001023    0.005234    0.160883    0.252325    0.027506   -0.023159
  -13.0    2.0    1.0 1    0.013210   -0.012624    1.043508    0.026665    0.029471    0.004958    0.003123    0.014016    0.174216    0.322728    0.006530   -0.002390
  -13.0    2.0    2.0 1    0.014219   -0.007601    0.947578    0.027148   -0.030488   -0.023679    0.001968   -0.008941    0.154684    0.292940    0.004968   -0.000852
  -13.0    2.0    3.0 1   -0.171144   -0.173707    1.006518   -0.288000    0.182878    0.179130   -0.024331    0.091828    0.256041    0.258990    0.024669   -0.087196
  -13.0    3.0   -2.0 1   -0.164041   -0.161248    1.092128   -0.137258   -0.179694   -0.158093    0.017585   -0.077750    0.243441    0.307471    0.017101   -0.086303
  -13.0    3.0   -1.0 1   -0.116712   -0.022474    0.978406   -0.351835    0.019339    0.042689   -0.010776    0.022196    0.283940    0.235625   -0.016043   -0.047429
  -13.0    3.0    0.0 1    0.081103   -0.109337    0.706997    0.152996    0.000000   -0.000000   -0.002752    0.004397    0.077665    0.241723    0.048428    0.000277
  -13.0    3.0    1.0 1   -0.116712   -0.022474    0.978406   -0.351835   -0.019339   -0.042689    0.009502   -0.005097    0.278119    0.237270   -0.015613   -0.045912
  -13.0    3.0    2.0 1   -0.164041   -0.161248    1.092128   -0.137258    0.179694    0.158093   -0.016789    0.090343    0.226655    0.311639    0.021630   -0.086302
  -13.0    4.0    0.0 1   -0.377954   -0.647242    1.199359    0.430166    0.000000   -0.000000    0.009569    0.006497    0.077535    0.445700    0.132130   -0.240573
  -12.0   -4.0   -2.0 1    0.166915    0.342763    1.180947    0.285798    0.187630    0.344972   -0.073251    0.114933    0.133654    0.413287   -0.070052    0.121659
  -12.0   -4.0   -1.0 1    0.256745    0.142641    0.948428   -0.104230    0.109116    0.150914   -0.025113    0.049312    0.205864    0.270837    0.007275    0.114443
  -12.0   -4.0    0.0 1    0.091900    0.278209    0.854175   -0.321279   -0.000000   -0.000000    0.002561   -0.008894    0.251586    0.204984   -0.070023    0.086115
  -12.0   -4.0    1.0 1    0.256745    0.142641    0.948428   -0.104230   -0.109116   -0.150914    0.027154   -0.069744    0.197937    0.274123    0.003899    0.111189
  -12.0   -4.0    2.0 1    0.166915    0.342763    1.180947    0.285798   -0.187630   -0.344972    0.073204   -0.126659    0.113505    0.414561   -0.076213    0.119797
  -12.0   -3.0   -3.0 1    0.159667    0.155654    1.089213   -0.130755    0.180771    0.167004   -0.018474    0.080129    0.245968    0.307144   -0.014585    0.084308
  -12.0   -3.0   -2.0 1    0.007744   -0.028883    0.823168    0.102462    0.023017   -0.018033    0.010251   -0.003040    0.122644    0.269993    0.009799    0.003642
  -12.0   -3.0   -1.0 1    0.001586    0.006467    0.903384    0.036439    0.021339    0.021000   -0.001742    0.003846    0.155521    0.281670   -0.002341    0.008804
  -12.0   -3.0    0.0 1   -0.034847    0.057528    0.969927    0.067643   -0.000000    0.000000    0.001135   -0.007787    0.153335    0.307667   -0.023809    0.006124
  -12.0   -3.0    1.0 1    0.001586    0.006467    0.903384    0.036439   -0.021339   -0.021000    0.003327   -0.016880    0.148373    0.281711   -0.001924    0.009119
  -12.0   -3.0    2.0 1    0.007744   -0.028883    0.823168    0.102462   -0.023017    0.018033   -0.009667   -0.010402    0.111963    0.268377    0.010338    0.003732
  -12.0   -3.0    3.0 1    0.159667    0.155654    1.089213   -0.130755   -0.180771   -0.167004    0.020537   -0.092545    0.224155    0.311746   -0.019604    0.083636
  -12.0   -2.0   -4.0 1    0.138321    0.225763    0.825494   -0.184499    0.232454    0.307371   -0.048557    0.125241    0.215061    0.215923   -0.040796    0.088530
  -12.0   -2.0   -3.0 1   -0.039347   -0.030903    0.943240    0.033978   -0.006011    0.013808   -0.004973   -0.002912    0.168847    0.293827    0.001516   -0.013716
  -12.0   -2.0   -2.0 1    0.000791    0.002589    0.853932    0.008315    0.011103    0.009560   -0.000642    0.000725    0.157083    0.261770   -0.000839    0.005170
  -12.0   -2.0   -1.0 1    0.037720   -0.012212    0.914706    0.031483    0.016205   -0.027460    0.012042   -0.004459    0.158420    0.284745    0.010073    0.013579
  -12.0   -2.0    0.0 1   -0.065246   -0.010433    0.838795    0.073209    0.000000   -0.000000    0.000452   -0.004721    0.129341    0.268038   -0.008931   -0.017906
  -12.0   -2.0    1.0 1    0.037720   -0.012212    0.914706    0.031483   -0.016205    0.027460   -0.011044   -0.004682    0.152877    0.284326    0.010153    0.013890
  -12.0   -2.0    2.0 1    0.000791    0.002589    0.853932    0.008315   -0.011103   -0.009560    0.001207   -0.008998    0.146368    0.261161   -0.000887    0.004556
  -12.0   -2.0    3.0 1   -0.039347   -0.030903    0.943240    0.033978    0.006011   -0.013808    0.005496   -0.004497    0.151873    0.292722    0.002633   -0.012978
  -12.0   -2.0    4.0 1    0.138321    0.225763    0.825494   -0.184499   -0.232454   -0.307371    0.057257   -0.129435    0.192426    0.221938   -0.046699    0.084716
  -12.0   -1.0   -4.0 1   -0.108570    0.110495    1.159114    0.060707    0.108709    0.092215   -0.007179    0.048914    0.205496    0.365134   -0.053410   -0.010309
  -12.0   -1.0   -3.0 1    0.036170   -0.003390    0.915761    0.042540    0.053003    0.060741   -0.007996    0.025371    0.161303    0.287235    0.007220    0.013194
  -12.0   -1.0   -2.0 1   -0.003929   -0.007495    0.941376    0.010871    0.000212   -0.003959    0.001550   -0.002598    0.172649    0.288893    0.001247   -0.000675
  -12.0   -1.0   -1.0 1    0.021463    0.021423    0.924442    0.021842    0.003206   -0.002044    0.001353   -0.001669    0.163113    0.285648   -0.002811    0.012662
  -12.0   -1.0    0.0 1    0.043563   -0.001701    0.901014    0.002590    0.000000    0.000000    0.000413   -0.002238    0.162200    0.275004    0.007984    0.015309
  -12.0   -1.0    1.0 1    0.021463    0.021423    0.924442    0.021842   -0.003206    0.002044   -0.001065   -0.002858    0.157440    0.285509   -0.003109    0.012560
  -12.0   -1.0    2.0 1   -0.003929   -0.007495    0.941376    0.010871   -0.000212    0.003959   -0.001290   -0.001695    0.161188    0.288427    0.001638   -0.000224
  -12.0   -1.0    3.0 1    0.036170   -0.003390    0.915761    0.042540   -0.053003   -0.060741    0.009892   -0.028483    0.144392    0.286221    0.006909    0.012763
  -12.0   -1.0    4.0 1   -0.108570    0.110495    1.159114    0.060707   -0.108709   -0.092215    0.009379   -0.051421    0.176593    0.362564   -0.051516   -0.012047
  -12.0    0.0   -4.0 1    0.000000   -0.000000    0.923562    0.302926    0.000000   -0.000000    0.000000    0.000000    0.087289    0.340391    0.000000    0.000000
  -12.0    0.0   -3.0 1    0.000000    0.000000    1.073938    0.075966    0.000000   -0.000000    0.000000   -0.000000    0.180821    0.341785    0.000000    0.000000
  -12.0    0.0   -2.0 1    0.000000    0.000000    0.971716   -0.001036    0.000000    0.000000    0.000000    0.000000    0.181951    0.295913    0.000000    0.000000
  -12.0    0.0   -1.0 1    0.000000   -0.000000    0.921970    0.022833    0.000000   -0.000000    0.000000    0.000000    0.162540    0.285114    0.000000    0.000000
  -12.0    0.0    0.0 1    0.000000    0.000000    0.977228   -0.020777   -0.000000    0.000000   -0.000000    0.000000    0.182885    0.294432    0.000000    0.000000
  -12.0    0.0    1.0 1    0.000000   -0.000000    0.921970    0.022833   -0.000000    0.000000   -0.000000   -0.000000    0.156675    0.284887    0.000000    0.000000
  -12.0    0.0    2.0 1    0.000000   -0.000000    0.971716   -0.001036   -0.000000   -0.000000   -0.000000   -0.000000    0.170175    0.296233    0.000000    0.000000
  -12.0    0.0    3.0 1    0.000000    0.000000    1.073938    0.075966   -0.000000    0.000000   -0.000000    0.000000    0.160880    0.339502    0.000000    0.000000
  -12.0    0.0    4.0 1    0.000000   -0.000000    0.923562    0.302926   -0.000000    0.000000   -0.000000   -0.000000    0.065656    0.330948    0.000000   -0.000000
  -12.0    1.0   -4.0 1    0.108570   -0.110495    1.159114    0.060707   -0.108709   -0.092215    0.007179   -0.048914    0.205496    0.365134    0.053410    0.010309
  -12.0    1.0   -3.0 1   -0.036170    0.003390    0.915761    0.042540   -0.053003   -0.060741    0.007996   -0.025371    0.161303    0.287235   -0.007220   -0.013194
  -12.0    1.0   -2.0 1    0.003929    0.007495    0.941376    0.010871   -0.000212    0.003959   -0.001550    0.002598    0.172649    0.288893   -0.001247    0.000675
  -12.0    1.0   -1.0 1   -0.021463   -0.021423    0.924442    0.021842   -0.003206    0.002044   -0.001353    0.001669    0.163113    0.285648    0.002811   -0.012662
  -12.0    1.0    0.0 1   -0.043563    0.001701    0.901014    0.002590    0.000000    0.000000   -0.000413    0.002238    0.162200    0.275004   -0.007984   -0.015309
  -12.0    1.0    1.0 1   -0.021463   -0.021423    0.924442    0.021842    0.003206   -0.002044    0.001065    0.002858    0.157440    0.285509    0.003109   -0.012560
  -12.0    1.0    2.0 1    0.003929    0.007495    0.941376    0.010871    0.000212   -0.003959    0.001290    0.001695    0.161188    0.288427   -0.001638    0.000224
  -12.0    1.0    3.0 1   -0.036170    0.003390    0.915761    0.042540    0.053003    0.060741   -0.009892    0.028483    0.144392    0.286221   -0.006909   -0.012763
  -12.0    1.0    4.0 1    0.108570   -0.110495    1.159114    0.060707    0.108709    0.092215   -0.009379    0.051421    0.176593    0.362564    0.051516    0.012047
  -12.0    2.0   -4.0 1   -0.138321   -0.225763    0.825494   -0.184499   -0.232454   -0.307371    0.048557   -0.125241    0.215061    0.215923    0.040796   -0.088530
  -12.0    2.0   -3.0 1    0.039347    0.030903    0.943240    0.033978    0.006011   -0.013808    0.004973    0.002912    0.168847    0.293827   -0.001516    0.013716
  -12.0    2.0   -2.0 1   -0.000791   -0.002589    0.853932    0.008315   -0.011103   -0.009560    0.000642   -0.000725    0.157083    0.261770    0.000839   -0.005170
  -12.0    2.0   -1.0 1   -0.037720    0.012212    0.914706    0.031483   -0.016205    0.027460   -0.012042    0.004459    0.158420    0.284745   -0.010073   -0.013579
  -12.0    2.0    0.0 1    0.065246    0.010433    0.838795    0.073209   -0.000000    0.000000   -0.000452    0.004721    0.129341    0.268038    0.008931    0.017906
  -12.0    2.0    1.0 1   -0.037720    0.012212    0.914706    0.031483    0.016205   -0.027460    0.011044    0.004682    0.152877    0.284326   -0.010153   -0.013890
  -12.0    2.0    2.0 1   -0.000791   -0.002589    0.853932    0.008315    0.011103    0.009560   -0.001207    0.008998    0.146368    0.261161    0.000887   -0.004556
  -12.0    2.0    3.0 1    0.039347    0.030903    0.943240    0.033978   -0.006011    0.013808   -0.005496    0.004497    0.151873    0.292722   -0.002633    0.012978
  -12.0    2.0    4.0 1   -0.138321   -0.225763    0.825494   -0.184499    0.232454    0.307371   -0.057257    0.129435    0.192426    0.221938    0.046699   -0.084716
  -12.0    3.0   -3.0 1   -0.159667   -0.155654    1.089213   -0.130755   -0.180771   -0.167004    0.018474   -0.080129    0.245968    0.307144    0.014585   -0.084308
  -12.0    3.0   -2.0 1   -0.007744    0.028883    0.823168    0.102462   -0.023017    0.018033   -0.010251    0.003040    0.122644    0.269993   -0.009799   -0.003642
  -12.0    3.0   -1.0 1   -0.001586   -0.006467    0.903384    0.036439   -0.021339   -0.021000    0.001742   -0.003846    0.155521    0.281670    0.002341   -0.008804
  -12.0    3.0    0.0 1    0.034847   -0.057528    0.969927    0.067643   -0.000000    0.000000   -0.001135    0.007787    0.153335    0.307667    0.023809   -0.006124
  -12.0    3.0    1.0 1   -0.001586   -0.006467    0.903384    0.036439    0.021339    0.021000   -0.003327    0.016880    0.148373    0.281711    0.001924   -0.009119
  -12.0    3.0    2.0 1   -0.007744    0.028883    0.823168    0.102462    0.023017   -0.018033    0.009667    0.010402    0.111963    0.268377   -0.010338   -0.003732
  -12.0    3.0    3.0 1   -0.159667   -0.155654    1.089213   -0.130755    0.180771    0.167004   -0.020537    0.092545    0.224155    0.311746    0.019604   -0.083636
  -12.0    4.0   -2.0 1   -0.166915   -0.342763    1.180947    0.285798   -0.187630   -0.344972    0.073251   -0.114933    0.133654    0.413287    0.070052   -0.121659
  -12.0    4.0   -1.0 1   -0.256745   -0.142641    0.948428   -0.104230   -0.109116   -0.150914    0.025113   -0.049312    0.205864    0.270837   -0.007275   -0.114443
  -12.0    4.0    0.0 1   -0.091900   -0.278209    0.854175   -0.321279    0.000000   -0.000000   -0.002561    0.008894    0.251586    0.204984    0.070023   -0.086115
  -12.0    4.0    1.0 1   -0.256745   -0.142641    0.948428   -0.104230    0.109116    0.150914   -0.027154    0.069744    0.197937    0.274123   -0.003899   -0.111189
  -12.0    4.0    2.0 1   -0.166915   -0.342763    1.180947    0.285798    0.187630    0.344972   -0.073204    0.126659    0.113505    0.414561    0.076213   -0.119797
  -11.0   -4.0   -2.0 1    0.080846    0.132014    0.946901   -0.094741    0.283519    0.150039    0.004524    0.104901    0.209041    0.269528   -0.025588    0.061459
  -11.0   -4.0   -1.0 1    0.053125    0.139545    0.711183   -0.306858    0.076095    0.155353   -0.032593    0.042271    0.226440    0.159357   -0.033117    0.052226
  -11.0   -4.0    0.0 1   -0.089149   -0.176291    0.732642   -0.199797   -0.000000   -0.000000    0.001803   -0.010553    0.196148    0.186039    0.038323   -0.050063
  -11.0   -4.0    1.0 1    0.053125    0.139545    0.711183   -0.306858   -0.076095   -0.155353    0.034190   -0.062794    0.221562    0.163005   -0.033463    0.052794
  -11.0   -4.0    2.0 1    0.080846    0.132014    0.946901   -0.094741   -0.283519   -0.150039   -0.006389   -0.120866    0.194764    0.275297   -0.026424    0.057569
  -11.0   -3.0   -3.0 1   -0.037163   -0.058159    0.977132   -0.332406    0.136555    0.031117    0.014968    0.039767    0.290098    0.232382    0.009394   -0.013873
  -11.0   -3.0   -2.0 1    0.006622    0.009777    0.899094    0.041149    0.017569    0.018463   -0.001673    0.001691    0.157758    0.282098   -0.002411    0.010428
  -11.0   -3.0   -1.0 1    0.090938   -0.007560    0.976612   -0.018302    0.106237    0.004344    0.019300    0.026299    0.188128    0.294178    0.018533    0.033186
  -11.0   -3.0    0.0 1    0.091420   -0.019446    0.830558   -0.027313    0.000000   -0.000000    0.000663   -0.006959    0.161312    0.248898    0.022363    0.031383
  -11.0   -3.0    1.0 1    0.090938   -0.007560    0.976612   -0.018302   -0.106237   -0.004344   -0.016699   -0.040156    0.181607    0.295438    0.017564    0.033288
  -11.0   -3.0    2.0 1    0.006622    0.009777    0.899094    0.041149   -0.017569   -0.018463    0.002825   -0.016223    0.146193    0.281207   -0.002573    0.010301
  -11.0   -3.0    3.0 1   -0.037163   -0.058159    0.977132   -0.332406   -0.136555   -0.031117   -0.016390   -0.053666    0.271957    0.240175    0.011044   -0.013382
  -11.0   -2.0   -4.0 1   -0.134854   -0.005859    0.897575   -0.336801    0.215872    0.113877    0.006958    0.083876    0.279066    0.205469   -0.025126   -0.037361
  -11.0   -2.0   -3.0 1    0.019688   -0.002019    1.032989    0.039872   -0.003936    0.018397   -0.006315   -0.001666    0.186926    0.322967    0.003999    0.009907
  -11.0   -2.0   -2.0 1    0.006979   -0.035232    0.910672    0.038728    0.047110   -0.004162    0.010771    0.009213    0.161382    0.284620    0.011398   -0.000195
  -11.0   -2.0   -1.0 1    0.016635    0.019962    0.921385    0.064795    0.026566    0.027743   -0.002972    0.008800    0.152478    0.292880   -0.003487    0.013281
  -11.0   -2.0    0.0 1    0.011235    0.008271    0.890814   -0.010112    0.000000   -0.000000    0.000570   -0.004415    0.166355    0.270044   -0.000820    0.009475
  -11.0   -2.0    1.0 1    0.016635    0.019962    0.921385    0.064795   -0.026566   -0.027743    0.004019   -0.017515    0.146165    0.292935   -0.003446    0.013041
  -11.0   -2.0    2.0 1    0.006979   -0.035232    0.910672    0.038728   -0.047110    0.004162   -0.009332   -0.018243    0.149948    0.284354    0.011736    0.000417
  -11.0   -2.0    3.0 1    0.019688   -0.002019    1.032989    0.039872    0.003936   -0.018397    0.006734   -0.006299    0.168373    0.321723    0.003485    0.009721
  -11.0   -2.0    4.0 1   -0.134854   -0.005859    0.897575   -0.336801   -0.215872   -0.113877   -0.002197   -0.090363    0.256371    0.216044   -0.022832   -0.036695
  -11.0   -1.0   -4.0 1    0.098359   -0.059466    1.111321    0.065051    0.073332    0.037289    0.001911    0.028714    0.198393    0.352031    0.037442    0.020009
  -11.0   -1.0   -3.0 1    0.007091    0.017697    0.958719    0.102140    0.074990   -0.002651    0.015387    0.020023    0.154032    0.311684   -0.004567    0.007448
  -11.0   -1.0   -2.0 1   -0.002000   -0.005667    0.919682    0.028859    0.026082    0.025222   -0.002516    0.010544    0.166141    0.285786    0.001222    0.000594
  -11.0   -1.0   -1.0 1   -0.009557    0.024937    0.889765    0.032074   -0.005156    0.028778   -0.009386    0.001750    0.156538    0.277127   -0.009734    0.003809
  -11.0   -1.0    0.0 1   -0.022693    0.036252    0.919425    0.015074   -0.000000    0.000000    0.000194   -0.002125    0.164246    0.282734   -0.015522    0.001841
  -11.0   -1.0    1.0 1   -0.009557    0.024937    0.889765    0.032074    0.005156   -0.028778    0.009771   -0.005815    0.150778    0.276593   -0.009401    0.003760
  -11.0   -1.0    2.0 1   -0.002000   -0.005667    0.919682    0.028859   -0.026082   -0.025222    0.003459   -0.014669    0.154455    0.285262    0.001231    0.000591
  -11.0   -1.0    3.0 1    0.007091    0.017697    0.958719    0.102140   -0.074990    0.002651   -0.013523   -0.025171    0.136058    0.309729   -0.004793    0.007771
  -11.0   -1.0    4.0 1    0.098359   -0.059466    1.111321    0.065051   -0.073332   -0.037289   -0.001841   -0.030494    0.171023    0.349369    0.034046    0.022833
  -11.0    0.0   -4.0 1   -0.000000   -0.000000    1.070785    0.293888    0.000000   -0.000000    0.000000   -0.000000    0.119730    0.386152    0.000000    0.000000
  -11.0    0.0   -3.0 1    0.000000   -0.000000    0.948684    0.034102    0.000000   -0.000000    0.000000    0.000000    0.173201    0.295626    0.000000   -0.000000
  -11.0    0.0   -2.0 1    0.000000   -0.000000    0.917572    0.029453    0.000000   -0.000000    0.000000    0.000000    0.165379    0.285216    0.000000    0.000000
  -11.0    0.0   -1.0 1    0.000000   -0.000000    0.895808    0.010270    0.000000   -0.000000    0.000000    0.000000    0.164319    0.274897    0.000000    0.000000
  -11.0    0.0    0.0 1    0.000000    0.000000    0.929537    0.040147    0.000000   -0.000000   -0.000000    0.000000    0.158702    0.290327    0.000000    0.000000
  -11.0    0.0    1.0 1    0.000000   -0.000000    0.895808    0.010270   -0.000000   -0.000000   -0.000000   -0.000000    0.158683    0.274138    0.000000    0.000000
  -11.0    0.0    2.0 1    0.000000   -0.000000    0.917572    0.029453   -0.000000    0.000000   -0.000000   -0.000000    0.153877    0.284680    0.000000    0.000000
  -11.0    0.0    3.0 1    0.000000   -0.000000    0.948684    0.034102   -0.000000    0.000000   -0.000000   -0.000000    0.154930    0.294952    0.000000    0.000000
  -11.0    0.0    4.0 1    0.000000   -0.000000    1.070785    0.293888   -0.000000    0.000000   -0.000000   -0.000000    0.094462    0.375434    0.000000    0.000000
  -11.0    1.0   -4.0 1   -0.098359    0.059466    1.111321    0.065051   -0.073332   -0.037289   -0.001911   -0.028714    0.198393    0.352031   -0.037442   -0.020009
  -11.0    1.0   -3.0 1   -0.007091   -0.017697    0.958719    0.102140   -0.074990    0.002651   -0.015387   -0.020023    0.154032    0.311684    0.004567   -0.007448
  -11.0    1.0   -2.0 1    0.002000    0.005667    0.919682    0.028859   -0.026082   -0.025222    0.002516   -0.010544    0.166141    0.285786   -0.001222   -0.000594
  -11.0    1.0   -1.0 1    0.009557   -0.024937    0.889765    0.032074    0.005156   -0.028778    0.009386   -0.001750    0.156538    0.277127    0.009734   -0.003809
  -11.0    1.0    0.0 1    0.022693   -0.036252    0.919425    0.015074    0.000000   -0.000000   -0.000194    0.002125    0.164246    0.282734    0.015522   -0.001841
  -11.0    1.0    1.0 1    0.009557   -0.024937    0.889765    0.032074   -0.005156    0.028778   -0.009771    0.005815    0.150778    0.276593    0.009401   -0.003760
  -11.0    1.0    2.0 1    0.002000    0.005667    0.919682    0.028859    0.026082    0.025222   -0.003459    0.014669    0.154455    0.285262   -0.001231   -0.000591
  -11.0    1.0    3.0 1   -0.007091   -0.017697    0.958719    0.102140    0.074990   -0.002651    0.013523    0.025171    0.136058    0.309729    0.004793   -0.007771
  -11.0    1.0    4.0 1   -0.098359    0.059466    1.111321    0.065051    0.073332    0.037289    0.001841    0.030494    0.171023    0.349369   -0.034046   -0.022833
  -11.0    2.0   -4.0 1    0.134854    0.005859    0.897575   -0.336801   -0.215872   -0.113877   -0.006958   -0.083876    0.279066    0.205469    0.025126    0.037361
  -11.0    2.0   -3.0 1   -0.019688    0.002019    1.032989    0.039872    0.003936   -0.018397    0.006315    0.001666    0.186926    0.322967   -0.003999   -0.009907
  -11.0    2.0   -2.0 1   -0.006979    0.035232    0.910672    0.038728   -0.047110    0.004162   -0.010771   -0.009213    0.161382    0.284620   -0.011398    0.000195
  -11.0    2.0   -1.0 1   -0.016635   -0.019962    0.921385    0.064795   -0.026566   -0.027743    0.002972   -0.008800    0.152478    0.292880    0.003487   -0.013281
  -11.0    2.0    0.0 1   -0.011235   -0.008271    0.890814   -0.010112    0.000000   -0.000000   -0.000570    0.004415    0.166355    0.270044    0.000820   -0.009475
  -11.0    2.0    1.0 1   -0.016635   -0.019962    0.921385    0.064795    0.026566    0.027743   -0.004019    0.017515    0.146165    0.292935    0.003446   -0.013041
  -11.0    2.0    2.0 1   -0.006979    0.035232    0.910672    0.038728    0.047110   -0.004162    0.009332    0.018243    0.149948    0.284354   -0.011736   -0.000417
  -11.0    2.0    3.0 1   -0.019688    0.002019    1.032989    0.039872   -0.003936    0.018397   -0.006734    0.006299    0.168373    0.321723   -0.003485   -0.009721
  -11.0    2.0    4.0 1    0.134854    0.005859    0.897575   -0.336801    0.215872    0.113877    0.002197    0.090363    0.256371    0.216044    0.022832    0.036695
  -11.0    3.0   -3.0 1    0.037163    0.058159    0.977132   -0.332406   -0.136555   -0.031117   -0.014968   -0.039767    0.290098    0.232382   -0.009394    0.013873
  -11.0    3.0   -2.0 1   -0.006622   -0.009777    0.899094    0.041149   -0.017569   -0.018463    0.001673   -0.001691    0.157758    0.282098    0.002411   -0.010428
  -11.0    3.0   -1.0 1   -0.090938    0.007560    0.976612   -0.018302   -0.106237   -0.004344   -0.019300   -0.026299    0.188128    0.294178   -0.018533   -0.033186
  -11.0    3.0    0.0 1   -0.091420    0.019446    0.830558   -0.027313    0.000000   -0.000000   -0.000663    0.006959    0.161312    0.248898   -0.022363   -0.031383
  -11.0    3.0    1.0 1   -0.090938    0.007560    0.976612   -0.018302    0.106237    0.004344    0.016699    0.040156    0.181607    0.295438   -0.017564   -0.033288
  -11.0    3.0    2.0 1   -0.006622   -0.009777    0.899094    0.041149    0.017569    0.018463   -0.002825    0.016223    0.146193    0.281207    0.002573   -0.010301
  -11.0    3.0    3.0 1    0.037163    0.058159    0.977132   -0.332406    0.136555    0.031117    0.016390    0.053666    0.271957    0.240175   -0.011044    0.013382
  -11.0    4.0   -2.0 1   -0.080846   -0.132014    0.946901   -0.094741   -0.283519   -0.150039   -0.004524   -0.104901    0.209041    0.269528    0.025588   -0.061459
  -11.0    4.0   -1.0 1   -0.053125   -0.139545    0.711183   -0.306858   -0.076095   -0.155353    0.032593   -0.042271    0.226440    0.159357    0.033117   -0.052226
  -11.0    4.0    0.0 1    0.089149    0.176291    0.732642   -0.199797   -0.000000   -0.000000   -0.001803    0.010553    0.196148    0.186039   -0.038323    0.050063
  -11.0    4.0    1.0 1   -0.053125   -0.139545    0.711183   -0.306858    0.076095    0.155353   -0.034190    0.062794    0.221562    0.163005    0.033463   -0.052794
  -11.0    4.0    2.0 1   -0.080846   -0.132014    0.946901   -0.094741    0.283519    0.150039    0.006389    0.120866    0.194764    0.275297    0.026424   -0.057569
  -10.0   -5.0    0.0 1   -0.028661    0.023298    1.415840    0.982208    0.000000    0.000000   -0.012457   -0.004379   -0.034661    0.615038    0.000000   -0.000000
  -10.0   -4.0   -3.0 1   -0.029486    0.013314    1.176155    0.467011    0.380377    0.666929   -0.126584    0.236154    0.093100    0.445884   -0.000000   -0.000000
  -10.0   -4.0   -2.0 1   -0.017462   -0.019116    0.856757   -0.300087    0.102920    0.292917   -0.067601    0.080008    0.257561    0.200236   -0.000000   -0.000000
  -10.0   -4.0   -1.0 1   -0.022526   -0.019733    0.730497   -0.195603   -0.063321   -0.164603    0.037057   -0.060118    0.197827    0.185909   -0.000000   -0.000000
  -10.0   -4.0    0.0 1   -0.023525   -0.014742    0.293702    0.590385   -0.000000   -0.000000    0.000095   -0.009924   -0.125004    0.199857   -0.000000   -0.000000
  -10.0   -4.0    1.0 1   -0.022526   -0.019733    0.730497   -0.195603    0.063321    0.164603   -0.039494    0.039925    0.194456    0.186158   -0.000000   -0.000000
  -10.0   -4.0    2.0 1   -0.017462   -0.019116    0.856757   -0.300087   -0.102920   -0.292917    0.072668   -0.092167    0.245509    0.209571   -0.000000   -0.000000
  -10.0   -4.0    3.0 1   -0.029486    0.013314    1.176155    0.467011   -0.380377   -0.666929    0.137983   -0.244875    0.062059    0.444948   -0.000000    0.000000
  -10.0   -3.0   -4.0 1   -0.021262    0.010168    1.066551    0.239329    0.305212    0.508896   -0.091427    0.185614    0.143087    0.369153   -0.000000    0.000000
  -10.0   -3.0   -3.0 1   -0.006458   -0.012994    0.689969    0.168363   -0.071495    0.115067   -0.048478   -0.004276    0.085531    0.244039   -0.000000   -0.000000
  -10.0   -3.0   -2.0 1   -0.016909   -0.014095    0.957890    0.084385   -0.020220    0.065731   -0.024044    0.000134    0.160687    0.308206   -0.000000   -0.000000
  -10.0   -3.0   -1.0 1   -0.015623   -0.011759    0.829410   -0.020594    0.107537   -0.007420    0.023015    0.024224    0.163574    0.247992   -0.000000   -0.000000
  -10.0   -3.0    0.0 1   -0.017047   -0.012313    0.438899   -0.213701    0.000000   -0.000000    0.000566   -0.007496    0.147160    0.093795   -0.000000   -0.000000
  -10.0   -3.0    1.0 1   -0.015623   -0.011759    0.829410   -0.020594   -0.107537    0.007420   -0.021604   -0.038535    0.159058    0.249767   -0.000000   -0.000000
  -10.0   -3.0    2.0 1   -0.016909   -0.014095    0.957890    0.084385    0.020220   -0.065731    0.023744   -0.012157    0.146075    0.306937   -0.000000   -0.000000
  -10.0   -3.0    3.0 1   -0.006458   -0.012994    0.689969    0.168363    0.071495   -0.115067    0.048586   -0.003732    0.069971    0.239106   -0.000000   -0.000000
  -10.0   -3.0    4.0 1   -0.021262    0.010168    1.066551    0.239329   -0.305212   -0.508896    0.104817   -0.190406    0.109876    0.369524   -0.000000    0.000000
  -10.0   -2.0   -4.0 1   -0.008486   -0.010095    0.845157    0.324505    0.245285    0.061310    0.028353    0.082762    0.071882    0.322217   -0.000000   -0.000000
  -10.0   -2.0   -3.0 1   -0.010985   -0.010095    0.836969   -0.014565    0.014989    0.099457   -0.026783    0.019410    0.168987    0.253136   -0.000000    0.000000
  -10.0   -2.0   -2.0 1   -0.010595   -0.007984    0.828303    0.083630   -0.055759   -0.004896   -0.009017   -0.021832    0.134477    0.269288   -0.000000   -0.000000
  -10.0   -2.0   -1.0 1   -0.009694   -0.007816    0.887225   -0.001693    0.021394    0.015820   -0.000419    0.004968    0.169591    0.269564    0.000000   -0.000000
  -10.0   -2.0    0.0 1   -0.010606   -0.008775    0.947498   -0.215874    0.000000   -0.000000    0.000692   -0.004872    0.242886    0.248375    0.000000   -0.000000
  -10.0   -2.0    1.0 1   -0.009694   -0.007816    0.887225   -0.001693   -0.021394   -0.015820    0.001282   -0.013988    0.163129    0.270486   -0.000000   -0.000000
  -10.0   -2.0    2.0 1   -0.010595   -0.007984    0.828303    0.083630    0.055759    0.004896    0.008957    0.013978    0.124304    0.266681   -0.000000   -0.000000
  -10.0   -2.0    3.0 1   -0.010985   -0.010095    0.836969   -0.014565   -0.014989   -0.099457    0.028402   -0.026899    0.152954    0.251216   -0.000000   -0.000000
  -10.0   -2.0    4.0 1   -0.008486   -0.010095    0.845157    0.324505   -0.245285   -0.061310   -0.025830   -0.089652    0.046670    0.313559   -0.000000   -0.000000
  -10.0   -1.0   -4.0 1   -0.005008   -0.007546    0.948918   -0.039942   -0.075783   -0.018306   -0.010633   -0.028209    0.201018    0.282166   -0.000000   -0.000000
  -10.0   -1.0   -3.0 1   -0.004712   -0.003464    0.960976    0.023062    0.051645   -0.059025    0.027987    0.001668    0.181259    0.297260    0.000000   -0.000000
  -10.0   -1.0   -2.0 1   -0.004732   -0.004257    0.892976    0.015469    0.048183    0.003357    0.008662    0.012956    0.167627    0.275046    0.000000   -0.000000
  -10.0   -1.0   -1.0 1   -0.004782   -0.003570    0.914386    0.021894   -0.018314    0.039699   -0.015291   -0.000138    0.167266    0.282994    0.000000   -0.000000
  -10.0   -1.0    0.0 1   -0.004833   -0.003506    0.998052    0.037143   -0.000000    0.000000    0.000165   -0.002128    0.175239    0.311071    0.000000   -0.000000
  -10.0   -1.0    1.0 1   -0.004782   -0.003570    0.914386    0.021894    0.018314   -0.039699    0.015770   -0.003820    0.161241    0.282440    0.000000   -0.000000
  -10.0   -1.0    2.0 1   -0.004732   -0.004257    0.892976    0.015469   -0.048183   -0.003357   -0.007244   -0.017641    0.156824    0.274839    0.000000   -0.000000
  -10.0   -1.0    3.0 1   -0.004712   -0.003464    0.960976    0.023062   -0.051645    0.059025   -0.027170   -0.007716    0.164070    0.296740   -0.000000   -0.000000
  -10.0   -1.0    4.0 1   -0.005008   -0.007546    0.948918   -0.039942    0.075783    0.018306    0.006667    0.024678    0.178349    0.280669   -0.000000   -0.000000
  -10.0    0.0   -5.0 1    0.000000   -0.000000    0.552600   -1.096406    0.000000   -0.000000    0.000000   -0.000000    0.447929   -0.053433   -0.000000    0.000000
  -10.0    0.0   -4.0 1    0.000000   -0.000000    0.913299   -0.019071    0.000000   -0.000000    0.000000    0.000000    0.185712    0.275238    0.000000   -0.000000
  -10.0    0.0   -3.0 1    0.000000   -0.000000    0.975843    0.035158    0.000000   -0.000000    0.000000    0.000000    0.180603    0.303757   -0.000000   -0.000000
  -10.0    0.0   -2.0 1    0.000000   -0.000000    0.969554   -0.005431    0.000000   -0.000000    0.000000    0.000000    0.188996    0.293903    0.000000    0.000000
  -10.0    0.0   -1.0 1   -0.000000   -0.000000    0.924385    0.046226    0.000000   -0.000000    0.000000    0.000000    0.161518    0.290761    0.000000   -0.000000
  -10.0    0.0    0.0 1   -0.000000   -0.000000    0.919911    0.147590    0.000000   -0.000000   -0.000000    0.000000    0.126975    0.307908    0.000000    0.000000
  -10.0    0.0    1.0 1    0.000000   -0.000000    0.924385    0.046226   -0.000000   -0.000000   -0.000000   -0.000000    0.155902    0.289862   -0.000000   -0.000000
  -10.0    0.0    2.0 1    0.000000   -0.000000    0.969554   -0.005431   -0.000000    0.000000   -0.000000   -0.000000    0.176804    0.294820    0.000000    0.000000
  -10.0    0.0    3.0 1    0.000000   -0.000000    0.975843    0.035158   -0.000000    0.000000   -0.000000   -0.000000    0.162887    0.303807    0.000000   -0.000000
  -10.0    0.0    4.0 1    0.000000    0.000000    0.913299   -0.019071   -0.000000    0.000000   -0.000000   -0.000000    0.167591    0.273911    0.000000   -0.000000
  -10.0    0.0    5.0 1    0.000000    0.000000    0.552600   -1.096406   -0.000000    0.000000   -0.000000   -0.000000    0.426052   -0.020707   -0.000000   -0.000000
  -10.0    1.0   -4.0 1    0.005008    0.007546    0.948918   -0.039942    0.075783    0.018306    0.010633    0.028209    0.201018    0.282166    0.000000    0.000000
  -10.0    1.0   -3.0 1    0.004712    0.003464    0.960976    0.023062   -0.051645    0.059025   -0.027987   -0.001668    0.181259    0.297260   -0.000000    0.000000
  -10.0    1.0   -2.0 1    0.004732    0.004257    0.892976    0.015469   -0.048183   -0.003357   -0.008662   -0.012956    0.167627    0.275046    0.000000    0.000000
  -10.0    1.0   -1.0 1    0.004782    0.003570    0.914386    0.021894    0.018314   -0.039699    0.015291    0.000138    0.167266    0.282994   -0.000000    0.000000
  -10.0    1.0    0.0 1    0.004833    0.003506    0.998052    0.037143   -0.000000    0.000000   -0.000165    0.002128    0.175239    0.311071   -0.000000    0.000000
  -10.0    1.0    1.0 1    0.004782    0.003570    0.914386    0.021894   -0.018314    0.039699   -0.015770    0.003820    0.161241    0.282440   -0.000000   -0.000000
  -10.0    1.0    2.0 1    0.004732    0.004257    0.892976    0.015469    0.048183    0.003357    0.007244    0.017641    0.156824    0.274839    0.000000    0.000000
  -10.0    1.0    3.0 1    0.004712    0.003464    0.960976    0.023062    0.051645   -0.059025    0.027170    0.007716    0.164070    0.296740    0.000000   -0.000000
  -10.0    1.0    4.0 1    0.005008    0.007546    0.948918   -0.039942   -0.075783   -0.018306   -0.006667   -0.024678    0.178349    0.280669    0.000000    0.000000
  -10.0    2.0   -4.0 1    0.008486    0.010095    0.845157    0.324505   -0.245285   -0.061310   -0.028353   -0.082762    0.071882    0.322217    0.000000    0.000000
  -10.0    2.0   -3.0 1    0.010985    0.010095    0.836969   -0.014565   -0.014989   -0.099457    0.026783   -0.019410    0.168987    0.253136    0.000000    0.000000
  -10.0    2.0   -2.0 1    0.010595    0.007984    0.828303    0.083630    0.055759    0.004896    0.009017    0.021832    0.134477    0.269288    0.000000   -0.000000
  -10.0    2.0   -1.0 1    0.009694    0.007816    0.887225   -0.001693   -0.021394   -0.015820    0.000419   -0.004968    0.169591    0.269564    0.000000    0.000000
  -10.0    2.0    0.0 1    0.010606    0.008775    0.947498   -0.215874    0.000000   -0.000000   -0.000692    0.004872    0.242886    0.248375    0.000000    0.000000
  -10.0    2.0    1.0 1    0.009694    0.007816    0.887225   -0.001693    0.021394    0.015820   -0.001282    0.013988    0.163129    0.270486    0.000000    0.000000
  -10.0    2.0    2.0 1    0.010595    0.007984    0.828303    0.083630   -0.055759   -0.004896   -0.008957   -0.013978    0.124304    0.266681    0.000000   -0.000000
  -10.0    2.0    3.0 1    0.010985    0.010095    0.836969   -0.014565    0.014989    0.099457   -0.028402    0.026899    0.152954    0.251216    0.000000    0.000000
  -10.0    2.0    4.0 1    0.008486    0.010095    0.845157    0.324505    0.245285    0.061310    0.025830    0.089652    0.046670    0.313559    0.000000    0.000000
  -10.0    3.0   -4.0 1    0.021262   -0.010168    1.066551    0.239329   -0.305212   -0.508896    0.091427   -0.185614    0.143087    0.369153   -0.000000   -0.000000
  -10.0    3.0   -3.0 1    0.006458    0.012994    0.689969    0.168363    0.071495   -0.115067    0.048478    0.004276    0.085531    0.244039    0.000000    0.000000
  -10.0    3.0   -2.0 1    0.016909    0.014095    0.957890    0.084385    0.020220   -0.065731    0.024044   -0.000134    0.160687    0.308206    0.000000   -0.000000
  -10.0    3.0   -1.0 1    0.015623    0.011759    0.829410   -0.020594   -0.107537    0.007420   -0.023015   -0.024224    0.163574    0.247992    0.000000    0.000000
  -10.0    3.0    0.0 1    0.017047    0.012313    0.438899   -0.213701   -0.000000   -0.000000   -0.000566    0.007496    0.147160    0.093795    0.000000    0.000000
  -10.0    3.0    1.0 1    0.015623    0.011759    0.829410   -0.020594    0.107537   -0.007420    0.021604    0.038535    0.159058    0.249767    0.000000    0.000000
  -10.0    3.0    2.0 1    0.016909    0.014095    0.957890    0.084385   -0.020220    0.065731   -0.023744    0.012157    0.146075    0.306937    0.000000   -0.000000
  -10.0    3.0    3.0 1    0.006458    0.012994    0.689969    0.168363   -0.071495    0.115067   -0.048586    0.003732    0.069971    0.239106    0.000000    0.000000
  -10.0    3.0    4.0 1    0.021262   -0.010168    1.066551    0.239329    0.305212    0.508896   -0.104817    0.190406    0.109876    0.369524    0.000000   -0.000000
  -10.0    4.0   -3.0 1    0.029486   -0.013314    1.176155    0.467011   -0.380377   -0.666929    0.126584   -0.236154    0.093100    0.445884    0.000000   -0.000000
  -10.0    4.0   -2.0 1    0.017462    0.019116    0.856757   -0.300087   -0.102920   -0.292917    0.067601   -0.080008    0.257561    0.200236    0.000000    0.000000
  -10.0    4.0   -1.0 1    0.022526    0.019733    0.730497   -0.195603    0.063321    0.164603   -0.037057    0.060118    0.197827    0.185909    0.000000    0.000000
  -10.0    4.0    0.0 1    0.023525    0.014742    0.293702    0.590385    0.000000    0.000000   -0.000095    0.009924   -0.125004    0.199857    0.000000    0.000000
  -10.0    4.0    1.0 1    0.022526    0.019733    0.730497   -0.195603   -0.063321   -0.164603    0.039494   -0.039925    0.194456    0.186158    0.000000   -0.000000
  -10.0    4.0    2.0 1    0.017462    0.019116    0.856757   -0.300087    0.102920    0.292917   -0.072668    0.092167    0.245509    0.209571    0.000000    0.000000
  -10.0    4.0    3.0 1    0.029486   -0.013314    1.176155    0.467011    0.380377    0.666929   -0.137983    0.244875    0.062059    0.444948   -0.000000   -0.000000
  -10.0    5.0    0.0 1    0.028661   -0.023298    1.415840    0.982208    0.000000    0.000000    0.012457    0.004379   -0.034661    0.615038   -0.000000    0.000000
   -9.0   -4.0   -2.0 1   -0.126580   -0.166766    0.943144   -0.071032    0.270823    0.153328    0.004524    0.104901    0.209041    0.269528    0.025588   -0.061459
   -9.0   -4.0   -1.0 1   -0.099725   -0.173370    0.712747   -0.289890    0.076943    0.157010   -0.032593    0.042271    0.226440    0.159357    0.033117   -0.052226
   -9.0   -4.0    0.0 1    0.037438    0.152568    0.728306   -0.191394   -0.000000    0.000000    0.001803   -0.010553    0.196148    0.186039   -0.038323    0.050063
   -9.0   -4.0    1.0 1   -0.099725   -0.173370    0.712747   -0.289890   -0.076943   -0.157010    0.034190   -0.062794    0.221562    0.163005    0.033463   -0.052794
   -9.0   -4.0    2.0 1   -0.126580   -0.166766    0.943144   -0.071032   -0.270823   -0.153328   -0.006389   -0.120866    0.194764    0.275297    0.026424   -0.057569
   -9.0   -3.0   -3.0 1   -0.001747    0.030112    0.972540   -0.316122    0.132310    0.029924    0.014968    0.039767    0.290098    0.232382   -0.009394    0.013873
   -9.0   -3.0   -2.0 1   -0.035383   -0.032620    0.888735    0.058254    0.018931    0.017929   -0.001673    0.001691    0.157758    0.282098    0.002411   -0.010428
   -9.0   -3.0   -1.0 1   -0.120174   -0.018911    0.970079   -0.000911    0.105065    0.006804    0.019300    0.026299    0.188128    0.294178   -0.018533   -0.033186
   -9.0   -3.0    0.0 1   -0.123480   -0.004851    0.828187   -0.013948   -0.000000    0.000000    0.000663   -0.006959    0.161312    0.248898   -0.022363   -0.031383
   -9.0   -3.0    1.0 1   -0.120174   -0.018911    0.970079   -0.000911   -0.105065   -0.006804   -0.016699   -0.040156    0.181607    0.295438   -0.017564   -0.033288
   -9.0   -3.0    2.0 1   -0.035383   -0.032620    0.888735    0.058254   -0.018931   -0.017929    0.002825   -0.016223    0.146193    0.281207    0.002573   -0.010301
   -9.0   -3.0    3.0 1   -0.001747    0.030112    0.972540   -0.316122   -0.132310   -0.029924   -0.016390   -0.053666    0.271957    0.240175   -0.011044    0.013382
   -9.0   -2.0   -4.0 1    0.111995   -0.011944    0.892185   -0.322764    0.213335    0.118855    0.006958    0.083876    0.279066    0.205469    0.025126    0.037361
   -9.0   -2.0   -3.0 1   -0.037988   -0.013054    1.024348    0.056621   -0.003852    0.019070   -0.006315   -0.001666    0.186926    0.322967   -0.003999   -0.009907
   -9.0   -2.0   -2.0 1   -0.027314    0.019482    0.901565    0.051332    0.047970   -0.003896    0.010771    0.009213    0.161382    0.284620   -0.011398    0.000195
   -9.0   -2.0   -1.0 1   -0.035883   -0.035204    0.912283    0.079928    0.026056    0.027294   -0.002972    0.008800    0.152478    0.292880    0.003487   -0.013281
   -9.0   -2.0    0.0 1   -0.031479   -0.023521    0.883561    0.006644    0.000000   -0.000000    0.000570   -0.004415    0.166355    0.270044    0.000820   -0.009475
   -9.0   -2.0    1.0 1   -0.035883   -0.035204    0.912283    0.079928   -0.026056   -0.027294    0.004019   -0.017515    0.146165    0.292935    0.003446   -0.013041
   -9.0   -2.0    2.0 1   -0.027314    0.019482    0.901565    0.051332   -0.047970    0.003896   -0.009332   -0.018243    0.149948    0.284354   -0.011736   -0.000417
   -9.0   -2.0    3.0 1   -0.037988   -0.013054    1.024348    0.056621    0.003852   -0.019070    0.006734   -0.006299    0.168373    0.321723   -0.003485   -0.009721
   -9.0   -2.0    4.0 1    0.111995   -0.011944    0.892185   -0.322764   -0.213335   -0.118855   -0.002197   -0.090363    0.256371    0.216044    0.022832    0.036695
   -9.0   -1.0   -4.0 1   -0.108631    0.048191    1.102459    0.081561    0.073299    0.040229    0.001911    0.028714    0.198393    0.352031   -0.037442   -0.020009
   -9.0   -1.0   -3.0 1   -0.015454   -0.026861    0.947772    0.115754    0.075267   -0.000381    0.015387    0.020023    0.154032    0.311684    0.004567   -0.007448
   -9.0   -1.0   -2.0 1   -0.008373   -0.001641    0.911055    0.042182    0.025403    0.025784   -0.002516    0.010544    0.166141    0.285786   -0.001222   -0.000594
   -9.0   -1.0   -1.0 1    0.000428   -0.031802    0.880067    0.045026   -0.004786    0.027912   -0.009386    0.001750    0.156538    0.277127    0.009734   -0.003809
   -9.0   -1.0    0.0 1    0.013957   -0.043184    0.909291    0.028629   -0.000000    0.000000    0.000194   -0.002125    0.164246    0.282734    0.015522   -0.001841
   -9.0   -1.0    1.0 1    0.000428   -0.031802    0.880067    0.045026    0.004786   -0.027912    0.009771   -0.005815    0.150778    0.276593    0.009401   -0.003760
   -9.0   -1.0    2.0 1   -0.008373   -0.001641    0.911055    0.042182   -0.025403   -0.025784    0.003459   -0.014669    0.154455    0.285262   -0.001231   -0.000591
   -9.0   -1.0    3.0 1   -0.015454   -0.026861    0.947772    0.115754   -0.075267    0.000381   -0.013523   -0.025171    0.136058    0.309729    0.004793   -0.007771
   -9.0   -1.0    4.0 1   -0.108631    0.048191    1.102459    0.081561   -0.073299   -0.040229   -0.001841   -0.030494    0.171023    0.349369   -0.034046   -0.022833
   -9.0    0.0   -4.0 1   -0.000000    0.000000    1.058854    0.311195    0.000000   -0.000000    0.000000    0.000000    0.119730    0.386152   -0.000000   -0.000000
   -9.0    0.0   -3.0 1   -0.000000   -0.000000    0.940005    0.048015    0.000000   -0.000000    0.000000    0.000000    0.173201    0.295626   -0.000000   -0.000000
   -9.0    0.0   -2.0 1   -0.000000    0.000000    0.908452    0.043108    0.000000    0.000000    0.000000    0.000000    0.165379    0.285216   -0.000000   -0.000000
   -9.0    0.0   -1.0 1   -0.000000   -0.000000    0.885755    0.022600    0.000000    0.000000    0.000000    0.000000    0.164319    0.274897   -0.000000   -0.000000
   -9.0    0.0    0.0 1   -0.000000   -0.000000    0.919181    0.052224   -0.000000   -0.000000   -0.000000    0.000000    0.158702    0.290327   -0.000000   -0.000000
   -9.0    0.0    1.0 1   -0.000000    0.000000    0.885755    0.022600   -0.000000    0.000000   -0.000000   -0.000000    0.158683    0.274138   -0.000000   -0.000000
   -9.0    0.0    2.0 1   -0.000000    0.000000    0.908452    0.043108   -0.000000   -0.000000   -0.000000   -0.000000    0.153877    0.284680   -0.000000   -0.000000
   -9.0    0.0    3.0 1    0.000000    0.000000    0.940005    0.048015   -0.000000    0.000000   -0.000000    0.000000    0.154930    0.294952   -0.000000   -0.000000
   -9.0    0.0    4.0 1    0.000000    0.000000    1.058854    0.311195   -0.000000    0.000000   -0.000000   -0.000000    0.094462    0.375434   -0.000000   -0.000000
   -9.0    1.0   -4.0 1    0.108631   -0.048191    1.102459    0.081561   -0.073299   -0.040229   -0.001911   -0.028714    0.198393    0.352031    0.037442    0.020009
   -9.0    1.0   -3.0 1    0.015454    0.026861    0.947772    0.115754   -0.075267    0.000381   -0.015387   -0.020023    0.154032    0.311684   -0.004567    0.007448
   -9.0    1.0   -2.0 1    0.008373    0.001641    0.911055    0.042182   -0.025403   -0.025784    0.002516   -0.010544    0.166141    0.285786    0.001222    0.000594
   -9.0    1.0   -1.0 1   -0.000428    0.031802    0.880067    0.045026    0.004786   -0.027912    0.009386   -0.001750    0.156538    0.277127   -0.009734    0.003809
   -9.0    1.0    0.0 1   -0.013957    0.043184    0.909291    0.028629   -0.000000    0.000000   -0.000194    0.002125    0.164246    0.282734   -0.015522    0.001841
   -9.0    1.0    1.0 1   -0.000428    0.031802    0.880067    0.045026   -0.004786    0.027912   -0.009771    0.005815    0.150778    0.276593   -0.009401    0.003760
   -9.0    1.0    2.0 1    0.008373    0.001641    0.911055    0.042182    0.025403    0.025784   -0.003459    0.014669    0.154455    0.285262    0.001231    0.000591
   -9.0    1.0    3.0 1    0.015454    0.026861    0.947772    0.115754    0.075267   -0.000381    0.013523    0.025171    0.136058    0.309729   -0.004793    0.007771
   -9.0    1.0    4.0 1    0.108631   -0.048191    1.102459    0.081561    0.073299    0.040229    0.001841    0.030494    0.171023    0.349369    0.034046    0.022833
   -9.0    2.0   -4.0 1   -0.111995    0.011944    0.892185   -0.322764   -0.213335   -0.118855   -0.006958   -0.083876    0.279066    0.205469   -0.025126   -0.037361
   -9.0    2.0   -3.0 1    0.037988    0.013054    1.024348    0.056621    0.003852   -0.019070    0.006315    0.001666    0.186926    0.322967    0.003999    0.009907
   -9.0    2.0   -2.0 1    0.027314   -0.019482    0.901565    0.051332   -0.047970    0.003896   -0.010771   -0.009213    0.161382    0.284620    0.011398   -0.000195
   -9.0    2.0   -1.0 1    0.035883    0.035204    0.912283    0.079928   -0.026056   -0.027294    0.002972   -0.008800    0.152478    0.292880   -0.003487    0.013281
   -9.0    2.0    0.0 1    0.031479    0.023521    0.883561    0.006644   -0.000000   -0.000000   -0.000570    0.004415    0.166355    0.270044   -0.000820    0.009475
   -9.0    2.0    1.0 1    0.035883    0.035204    0.912283    0.079928    0.026056    0.027294   -0.004019    0.017515    0.146165    0.292935   -0.003446    0.013041
   -9.0    2.0    2.0 1    0.027314   -0.019482    0.901565    0.051332    0.047970   -0.003896    0.009332    0.018243    0.149948    0.284354    0.011736    0.000417
   -9.0    2.0    3.0 1    0.037988    0.013054    1.024348    0.056621   -0.003852    0.019070   -0.006734    0.006299    0.168373    0.321723    0.003485    0.009721
   -9.0    2.0    4.0 1   -0.111995    0.011944    0.892185   -0.322764    0.213335    0.118855    0.002197    0.090363    0.256371    0.216044   -0.022832   -0.036695
   -9.0    3.0   -3.0 1    0.001747   -0.030112    0.972540   -0.316122   -0.132310   -0.029924   -0.014968   -0.039767    0.290098    0.232382    0.009394   -0.013873
   -9.0    3.0   -2.0 1    0.035383    0.032620    0.888735    0.058254   -0.018931   -0.017929    0.001673   -0.001691    0.157758    0.282098   -0.002411    0.010428
   -9.0    3.0   -1.0 1    0.120174    0.018911    0.970079   -0.000911   -0.105065   -0.006804   -0.019300   -0.026299    0.188128    0.294178    0.018533    0.033186
   -9.0    3.0    0.0 1    0.123480    0.004851    0.828187   -0.013948    0.000000   -0.000000   -0.000663    0.006959    0.161312    0.248898    0.022363    0.031383
   -9.0    3.0    1.0 1    0.120174    0.018911    0.970079   -0.000911    0.105065    0.006804    0.016699    0.040156    0.181607    0.295438    0.017564    0.033288
   -9.0    3.0    2.0 1    0.035383    0.032620    0.888735    0.058254    0.018931    0.017929   -0.002825    0.016223    0.146193    0.281207   -0.002573    0.010301
   -9.0    3.0    3.0 1    0.001747   -0.030112    0.972540   -0.316122    0.132310    0.029924    0.016390    0.053666    0.271957    0.240175    0.011044   -0.013382
   -9.0    4.0   -2.0 1    0.126580    0.166766    0.943144   -0.071032   -0.270823   -0.153328   -0.004524   -0.104901    0.209041    0.269528   -0.025588    0.061459
   -9.0    4.0   -1.0 1    0.099725    0.173370    0.712747   -0.289890   -0.076943   -0.157010    0.032593   -0.042271    0.226440    0.159357   -0.033117    0.052226
   -9.0    4.0    0.0 1   -0.037438   -0.152568    0.728306   -0.191394    0.000000    0.000000   -0.001803    0.010553    0.196148    0.186039    0.038323   -0.050063
   -9.0    4.0    1.0 1    0.099725    0.173370    0.712747   -0.289890    0.076943    0.157010   -0.034190    0.062794    0.221562    0.163005   -0.033463    0.052794
   -9.0    4.0    2.0 1    0.126580    0.166766    0.943144   -0.071032    0.270823    0.153328    0.006389    0.120866    0.194764    0.275297   -0.026424    0.057569
   -8.0   -4.0   -2.0 1   -0.194944   -0.359803    1.154515    0.335706    0.174179    0.356941   -0.073251    0.114933    0.133654    0.413287    0.070052   -0.121659
   -8.0   -4.0   -1.0 1   -0.297541   -0.161545    0.941302   -0.061747    0.098617    0.147217   -0.025113    0.049312    0.205864    0.270837   -0.007275   -0.114443
   -8.0   -4.0    0.0 1   -0.113481   -0.308076    0.858807   -0.278888   -0.000000   -0.000000    0.002561   -0.008894    0.251586    0.204984    0.070023   -0.086115
   -8.0   -4.0    1.0 1   -0.297541   -0.161545    0.941302   -0.061747   -0.098617   -0.147217    0.027154   -0.069744    0.197937    0.274123   -0.003899   -0.111189
   -8.0   -4.0    2.0 1   -0.194944   -0.359803    1.154515    0.335706   -0.174179   -0.356941    0.073204   -0.126659    0.113505    0.414561    0.076213   -0.119797
   -8.0   -3.0   -3.0 1   -0.190859   -0.172175    1.074599   -0.084632    0.174145    0.177804   -0.018474    0.080129    0.245968    0.307144    0.014585   -0.084308
   -8.0   -3.0   -2.0 1   -0.038941    0.007831    0.803692    0.125566    0.024018   -0.019186    0.010251   -0.003040    0.122644    0.269993   -0.009799   -0.003642
   -8.0   -3.0   -1.0 1   -0.034552   -0.030470    0.884345    0.062713    0.020800    0.021201   -0.001742    0.003846    0.155521    0.281670    0.002341   -0.008804
   -8.0   -3.0    0.0 1    0.005739   -0.074399    0.945531    0.100628    0.000000    0.000000    0.001135   -0.007787    0.153335    0.307667    0.023809   -0.006124
   -8.0   -3.0    1.0 1   -0.034552   -0.030470    0.884345    0.062713   -0.020800   -0.021201    0.003327   -0.016880    0.148373    0.281711    0.001924   -0.009119
   -8.0   -3.0    2.0 1   -0.038941    0.007831    0.803692    0.125566   -0.024018    0.019186   -0.009667   -0.010402    0.111963    0.268377   -0.010338   -0.003732
   -8.0   -3.0    3.0 1   -0.190859   -0.172175    1.074599   -0.084632   -0.174145   -0.177804    0.020537   -0.092545    0.224155    0.311746    0.019604   -0.083636
   -8.0   -2.0   -4.0 1   -0.146914   -0.236848    0.815575   -0.146077    0.220504    0.317189   -0.048557    0.125241    0.215061    0.215923    0.040796   -0.088530
   -8.0   -2.0   -3.0 1    0.018440    0.017773    0.924746    0.059622   -0.005236    0.013094   -0.004973   -0.002912    0.168847    0.293827   -0.001516    0.013716
   -8.0   -2.0   -2.0 1   -0.019692   -0.016038    0.836808    0.032975    0.009568    0.008777   -0.000642    0.000725    0.157083    0.261770    0.000839   -0.005170
   -8.0   -2.0   -1.0 1   -0.057148   -0.004427    0.897348    0.058358    0.018156   -0.027372    0.012042   -0.004459    0.158420    0.284745   -0.010073   -0.013579
   -8.0   -2.0    0.0 1    0.046431   -0.000910    0.817700    0.093656    0.000000   -0.000000    0.000452   -0.004721    0.129341    0.268038    0.008931    0.017906
   -8.0   -2.0    1.0 1   -0.057148   -0.004427    0.897348    0.058358   -0.018156    0.027372   -0.011044   -0.004682    0.152877    0.284326   -0.010153   -0.013890
   -8.0   -2.0    2.0 1   -0.019692   -0.016038    0.836808    0.032975   -0.009568   -0.008777    0.001207   -0.008998    0.146368    0.261161    0.000887   -0.004556
   -8.0   -2.0    3.0 1    0.018440    0.017773    0.924746    0.059622    0.005236   -0.013094    0.005496   -0.004497    0.151873    0.292722   -0.002633    0.012978
   -8.0   -2.0    4.0 1   -0.146914   -0.236848    0.815575   -0.146077   -0.220504   -0.317189    0.057257   -0.129435    0.192426    0.221938    0.046699   -0.084716
   -8.0   -1.0   -4.0 1    0.098277   -0.107145    1.135793    0.093891    0.106485    0.093897   -0.007179    0.048914    0.205496    0.365134    0.053410    0.010309
   -8.0   -1.0   -3.0 1   -0.046191   -0.007877    0.899036    0.067743    0.049448    0.060520   -0.007996    0.025371    0.161303    0.287235   -0.007220   -0.013194
   -8.0   -1.0   -2.0 1   -0.005926    0.000596    0.923501    0.037517    0.001859   -0.004233    0.001550   -0.002598    0.172649    0.288893   -0.001247    0.000675
   -8.0   -1.0   -1.0 1   -0.029921   -0.029703    0.906100    0.048938    0.003210   -0.002072    0.001353   -0.001669    0.163113    0.285648    0.002811   -0.012662
   -8.0   -1.0    0.0 1   -0.052661   -0.008533    0.884722    0.028045    0.000000   -0.000000    0.000413   -0.002238    0.162200    0.275004   -0.007984   -0.015309
   -8.0   -1.0    1.0 1   -0.029921   -0.029703    0.906100    0.048938   -0.003210    0.002072   -0.001065   -0.002858    0.157440    0.285509    0.003109   -0.012560
   -8.0   -1.0    2.0 1   -0.005926    0.000596    0.923501    0.037517   -0.001859    0.004233   -0.001290   -0.001695    0.161188    0.288427   -0.001638    0.000224
   -8.0   -1.0    3.0 1   -0.046191   -0.007877    0.899036    0.067743   -0.049448   -0.060520    0.009892   -0.028483    0.144392    0.286221   -0.006909   -0.012763
   -8.0   -1.0    4.0 1    0.098277   -0.107145    1.135793    0.093891   -0.106485   -0.093897    0.009379   -0.051421    0.176593    0.362564    0.051516    0.012047
   -8.0    0.0   -4.0 1    0.000000    0.000000    0.901375    0.315727    0.000000   -0.000000    0.000000    0.000000    0.087289    0.340391   -0.000000    0.000000
   -8.0    0.0   -3.0 1   -0.000000    0.000000    1.050646    0.106230    0.000000   -0.000000    0.000000   -0.000000    0.180821    0.341785   -0.000000   -0.000000
   -8.0    0.0   -2.0 1   -0.000000   -0.000000    0.955253    0.027511    0.000000   -0.000000    0.000000    0.000000    0.181951    0.295913   -0.000000   -0.000000
   -8.0    0.0   -1.0 1   -0.000000   -0.000000    0.903866    0.049475    0.000000    0.000000    0.000000    0.000000    0.162540    0.285114   -0.000000   -0.000000
   -8.0    0.0    0.0 1   -0.000000   -0.000000    0.961583    0.009636    0.000000    0.000000    0.000000   -0.000000    0.182885    0.294432   -0.000000   -0.000000
   -8.0    0.0    1.0 1   -0.000000    0.000000    0.903866    0.049475    0.000000    0.000000   -0.000000   -0.000000    0.156675    0.284887   -0.000000   -0.000000
   -8.0    0.0    2.0 1   -0.000000   -0.000000    0.955253    0.027511   -0.000000   -0.000000   -0.000000   -0.000000    0.170175    0.296233   -0.000000   -0.000000
   -8.0    0.0    3.0 1   -0.000000    0.000000    1.050646    0.106230   -0.000000    0.000000   -0.000000   -0.000000    0.160880    0.339502   -0.000000   -0.000000
   -8.0    0.0    4.0 1   -0.000000    0.000000    0.901375    0.315727   -0.000000    0.000000   -0.000000   -0.000000    0.065656    0.330948   -0.000000   -0.000000
   -8.0    1.0   -4.0 1   -0.098277    0.107145    1.135793    0.093891   -0.106485   -0.093897    0.007179   -0.048914    0.205496    0.365134   -0.053410   -0.010309
   -8.0    1.0   -3.0 1    0.046191    0.007877    0.899036    0.067743   -0.049448   -0.060520    0.007996   -0.025371    0.161303    0.287235    0.007220    0.013194
   -8.0    1.0   -2.0 1    0.005926   -0.000596    0.923501    0.037517   -0.001859    0.004233   -0.001550    0.002598    0.172649    0.288893    0.001247   -0.000675
   -8.0    1.0   -1.0 1    0.029921    0.029703    0.906100    0.048938   -0.003210    0.002072   -0.001353    0.001669    0.163113    0.285648   -0.002811    0.012662
   -8.0    1.0    0.0 1    0.052661    0.008533    0.884722    0.028045    0.000000   -0.000000   -0.000413    0.002238    0.162200    0.275004    0.007984    0.015309
   -8.0    1.0    1.0 1    0.029921    0.029703    0.906100    0.048938    0.003210   -0.002072    0.001065    0.002858    0.157440    0.285509   -0.003109    0.012560
   -8.0    1.0    2.0 1    0.005926   -0.000596    0.923501    0.037517    0.001859   -0.004233    0.001290    0.001695    0.161188    0.288427    0.001638   -0.000224
   -8.0    1.0    3.0 1    0.046191    0.007877    0.899036    0.067743    0.049448    0.060520   -0.009892    0.028483    0.144392    0.286221    0.006909    0.012763
   -8.0    1.0    4.0 1   -0.098277    0.107145    1.135793    0.093891    0.106485    0.093897   -0.009379    0.051421    0.176593    0.362564   -0.051516   -0.012047
   -8.0    2.0   -4.0 1    0.146914    0.236848    0.815575   -0.146077   -0.220504   -0.317189    0.048557   -0.125241    0.215061    0.215923   -0.040796    0.088530
   -8.0    2.0   -3.0 1   -0.018440   -0.017773    0.924746    0.059622    0.005236   -0.013094    0.004973    0.002912    0.168847    0.293827    0.001516   -0.013716
   -8.0    2.0   -2.0 1    0.019692    0.016038    0.836808    0.032975   -0.009568   -0.008777    0.000642   -0.000725    0.157083    0.261770   -0.000839    0.005170
   -8.0    2.0   -1.0 1    0.057148    0.004427    0.897348    0.058358   -0.018156    0.027372   -0.012042    0.004459    0.158420    0.284745    0.010073    0.013579
   -8.0    2.0    0.0 1   -0.046431    0.000910    0.817700    0.093656   -0.000000   -0.000000   -0.000452    0.004721    0.129341    0.268038   -0.008931   -0.017906
   -8.0    2.0    1.0 1    0.057148    0.004427    0.897348    0.058358    0.018156   -0.027372    0.011044    0.004682    0.152877    0.284326    0.010153    0.013890
   -8.0    2.0    2.0 1    0.019692    0.016038    0.836808    0.032975    0.009568    0.008777   -0.001207    0.008998    0.146368    0.261161   -0.000887    0.004556
   -8.0    2.0    3.0 1   -0.018440   -0.017773    0.924746    0.059622   -0.005236    0.013094   -0.005496    0.004497    0.151873    0.292722    0.002633   -0.012978
   -8.0    2.0    4.0 1    0.146914    0.236848    0.815575   -0.146077    0.220504    0.317189   -0.057257    0.129435    0.192426    0.221938   -0.046699    0.084716
   -8.0    3.0   -3.0 1    0.190859    0.172175    1.074599   -0.084632   -0.174145   -0.177804    0.018474   -0.080129    0.245968    0.307144   -0.014585    0.084308
   -8.0    3.0   -2.0 1    0.038941   -0.007831    0.803692    0.125566   -0.024018    0.019186   -0.010251    0.003040    0.122644    0.269993    0.009799    0.003642
   -8.0    3.0   -1.0 1    0.034552    0.030470    0.884345    0.062713   -0.020800   -0.021201    0.001742   -0.003846    0.155521    0.281670   -0.002341    0.008804
   -8.0    3.0    0.0 1   -0.005739    0.074399    0.945531    0.100628    0.000000   -0.000000   -0.001135    0.007787    0.153335    0.307667   -0.023809    0.006124
   -8.0    3.0    1.0 1    0.034552    0.030470    0.884345    0.062713    0.020800    0.021201   -0.003327    0.016880    0.148373    0.281711   -0.001924    0.009119
   -8.0    3.0    2.0 1    0.038941   -0.007831    0.803692    0.125566    0.024018   -0.019186    0.009667    0.010402    0.111963    0.268377    0.010338    0.003732
   -8.0    3.0    3.0 1    0.190859    0.172175    1.074599   -0.084632    0.174145    0.177804   -0.020537    0.092545    0.224155    0.311746   -0.019604    0.083636
   -8.0    4.0   -2.0 1    0.194944    0.359803    1.154515    0.335706   -0.174179   -0.356941    0.073251   -0.114933    0.133654    0.413287   -0.070052    0.121659
   -8.0    4.0   -1.0 1    0.297541    0.161545    0.941302   -0.061747   -0.098617   -0.147217    0.025113   -0.049312    0.205864    0.270837    0.007275    0.114443
   -8.0    4.0    0.0 1    0.113481    0.308076    0.858807   -0.278888    0.000000   -0.000000   -0.002561    0.008894    0.251586    0.204984   -0.070023    0.086115
   -8.0    4.0    1.0 1    0.297541    0.161545    0.941302   -0.061747    0.098617    0.147217   -0.027154    0.069744    0.197937    0.274123    0.003899    0.111189
   -8.0    4.0    2.0 1    0.194944    0.359803    1.154515    0.335706    0.174179    0.356941   -0.073204    0.126659    0.113505    0.414561   -0.076213    0.119797
   -7.0   -4.0    0.0 1   -0.382075   -0.687178    1.151725    0.502814    0.000000   -0.000000   -0.009569   -0.006497    0.077535    0.445700    0.132130   -0.240573
   -7.0   -3.0   -2.0 1   -0.190629   -0.184327    1.071197   -0.078516    0.170748    0.169079   -0.017585    0.077750    0.243441    0.307471    0.017101   -0.086303
   -7.0   -3.0   -1.0 1   -0.151935   -0.039412    0.970454   -0.297178   -0.015754   -0.045907    0.010776   -0.022196    0.283940    0.235625   -0.016043   -0.047429
   -7.0   -3.0    0.0 1    0.062166   -0.121308    0.672477    0.182882   -0.000000   -0.000000    0.002752   -0.004397    0.077665    0.241723    0.048428    0.000277
   -7.0   -3.0    1.0 1   -0.151935   -0.039412    0.970454   -0.297178    0.015754    0.045907   -0.009502    0.005097    0.278119    0.237270   -0.015613   -0.045912
   -7.0   -3.0    2.0 1   -0.190629   -0.184327    1.071197   -0.078516   -0.170748   -0.169079    0.016789   -0.090343    0.226655    0.311639    0.021630   -0.086302
   -7.0   -2.0   -3.0 1   -0.183374   -0.192331    0.992045   -0.231705    0.171833    0.186362   -0.020942    0.084620    0.275901    0.252877    0.020401   -0.089209
   -7.0   -2.0   -2.0 1   -0.002682   -0.019684    0.920116    0.066004   -0.027095   -0.025262    0.002062   -0.017766    0.165955    0.293782    0.005330   -0.000750
   -7.0   -2.0   -1.0 1   -0.005171   -0.025274    1.013407    0.069086    0.028277    0.005911    0.004296    0.005622    0.180935    0.322230    0.006341   -0.002239
   -7.0   -2.0    0.0 1   -0.022596   -0.107065    0.822729    0.002719    0.000000   -0.000000    0.001023   -0.005234    0.160883    0.252325    0.027506   -0.023159
   -7.0   -2.0    1.0 1   -0.005171   -0.025274    1.013407    0.069086   -0.028277   -0.005911   -0.003123   -0.014016    0.174216    0.322728    0.006530   -0.002390
   -7.0   -2.0    2.0 1   -0.002682   -0.019684    0.920116    0.066004    0.027095    0.025262   -0.001968    0.008941    0.154684    0.292940    0.004968   -0.000852
   -7.0   -2.0    3.0 1   -0.183374   -0.192331    0.992045   -0.231705   -0.171833   -0.186362    0.024331   -0.091828    0.256041    0.258990    0.024669   -0.087196
   -7.0   -1.0   -3.0 1    0.073836    0.001158    1.199916    0.045331   -0.080561   -0.003010   -0.017377   -0.027544    0.233186    0.374142    0.016572    0.025201
   -7.0   -1.0   -2.0 1   -0.053450   -0.065245    0.893672    0.074337    0.040540    0.002196    0.007794    0.010387    0.158211    0.287008    0.008603   -0.027505
   -7.0   -1.0   -1.0 1   -0.079795   -0.004570    0.937535    0.128595    0.011520    0.022791   -0.004069    0.005469    0.148079    0.311239   -0.014825   -0.022356
   -7.0   -1.0    0.0 1   -0.058137    0.053496    0.947536    0.042805    0.000000    0.000000    0.000175   -0.002083    0.172599    0.297145   -0.027641   -0.004705
   -7.0   -1.0    1.0 1   -0.079795   -0.004570    0.937535    0.128595   -0.011520   -0.022791    0.005298   -0.009730    0.141884    0.310448   -0.014185   -0.022865
   -7.0   -1.0    2.0 1   -0.053450   -0.065245    0.893672    0.074337   -0.040540   -0.002196   -0.006234   -0.015547    0.147404    0.286623    0.009200   -0.026380
   -7.0   -1.0    3.0 1    0.073836    0.001158    1.199916    0.045331    0.080561    0.003010    0.013448    0.022715    0.210476    0.374120    0.014141    0.025111
   -7.0    0.0   -4.0 1   -0.000000    0.000000    0.740725   -1.043596    0.000000   -0.000000    0.000000    0.000000    0.472659    0.008194   -0.000000    0.000000
   -7.0    0.0   -3.0 1   -0.000000    0.000000    0.580956    0.360386    0.000000   -0.000000    0.000000   -0.000000    0.007452    0.251420   -0.000000   -0.000000
   -7.0    0.0   -2.0 1   -0.000000    0.000000    1.044831    0.112956    0.000000   -0.000000    0.000000    0.000000    0.177592    0.341458   -0.000000   -0.000000
   -7.0    0.0   -1.0 1   -0.000000    0.000000    0.929898    0.061989   -0.000000    0.000000    0.000000    0.000000    0.166939    0.295465   -0.000000   -0.000000
   -7.0    0.0    0.0 1   -0.000000    0.000000    0.962648    0.055963    0.000000    0.000000   -0.000000    0.000000    0.171693    0.303939   -0.000000   -0.000000
   -7.0    0.0    1.0 1   -0.000000    0.000000    0.929898    0.061989   -0.000000   -0.000000   -0.000000   -0.000000    0.161077    0.295420   -0.000000   -0.000000
   -7.0    0.0    2.0 1   -0.000000   -0.000000    1.044831    0.112956   -0.000000    0.000000   -0.000000   -0.000000    0.164016    0.340017   -0.000000   -0.000000
   -7.0    0.0    3.0 1   -0.000000   -0.000000    0.580956    0.360386   -0.000000    0.000000   -0.000000   -0.000000   -0.001226    0.244397   -0.000000   -0.000000
   -7.0    0.0    4.0 1   -0.000000   -0.000000    0.740725   -1.043596    0.000000    0.000000   -0.000000   -0.000000    0.453323    0.034761   -0.000000   -0.000000
   -7.0    1.0   -3.0 1   -0.073836   -0.001158    1.199916    0.045331    0.080561    0.003010    0.017377    0.027544    0.233186    0.374142   -0.016572   -0.025201
   -7.0    1.0   -2.0 1    0.053450    0.065245    0.893672    0.074337   -0.040540   -0.002196   -0.007794   -0.010387    0.158211    0.287008   -0.008603    0.027505
   -7.0    1.0   -1.0 1    0.079795    0.004570    0.937535    0.128595   -0.011520   -0.022791    0.004069   -0.005469    0.148079    0.311239    0.014825    0.022356
   -7.0    1.0    0.0 1    0.058137   -0.053496    0.947536    0.042805   -0.000000   -0.000000   -0.000175    0.002083    0.172599    0.297145    0.027641    0.004705
   -7.0    1.0    1.0 1    0.079795    0.004570    0.937535    0.128595    0.011520    0.022791   -0.005298    0.009730    0.141884    0.310448    0.014185    0.022865
   -7.0    1.0    2.0 1    0.053450    0.065245    0.893672    0.074337    0.040540    0.002196    0.006234    0.015547    0.147404    0.286623   -0.009200    0.026380
   -7.0    1.0    3.0 1   -0.073836   -0.001158    1.199916    0.045331   -0.080561   -0.003010   -0.013448   -0.022715    0.210476    0.374120   -0.014141   -0.025111
   -7.0    2.0   -3.0 1    0.183374    0.192331    0.992045   -0.231705   -0.171833   -0.186362    0.020942   -0.084620    0.275901    0.252877   -0.020401    0.089209
   -7.0    2.0   -2.0 1    0.002682    0.019684    0.920116    0.066004    0.027095    0.025262   -0.002062    0.017766    0.165955    0.293782   -0.005330    0.000750
   -7.0    2.0   -1.0 1    0.005171    0.025274    1.013407    0.069086   -0.028277   -0.005911   -0.004296   -0.005622    0.180935    0.322230   -0.006341    0.002239
   -7.0    2.0    0.0 1    0.022596    0.107065    0.822729    0.002719   -0.000000   -0.000000   -0.001023    0.005234    0.160883    0.252325   -0.027506    0.023159
   -7.0    2.0    1.0 1    0.005171    0.025274    1.013407    0.069086    0.028277    0.005911    0.003123    0.014016    0.174216    0.322728   -0.006530    0.002390
   -7.0    2.0    2.0 1    0.002682    0.019684    0.920116    0.066004   -0.027095   -0.025262    0.001968   -0.008941    0.154684    0.292940   -0.004968    0.000852
   -7.0    2.0    3.0 1    0.183374    0.192331    0.992045   -0.231705    0.171833    0.186362   -0.024331    0.091828    0.256041    0.258990   -0.024669    0.087196
   -7.0    3.0   -2.0 1    0.190629    0.184327    1.071197   -0.078516   -0.170748   -0.169079    0.017585   -0.077750    0.243441    0.307471   -0.017101    0.086303
   -7.0    3.0   -1.0 1    0.151935    0.039412    0.970454   -0.297178    0.015754    0.045907   -0.010776    0.022196    0.283940    0.235625    0.016043    0.047429
   -7.0    3.0    0.0 1   -0.062166    0.121308    0.672477    0.182882    0.000000   -0.000000   -0.002752    0.004397    0.077665    0.241723   -0.048428   -0.000277
   -7.0    3.0    1.0 1    0.151935    0.039412    0.970454   -0.297178   -0.015754   -0.045907    0.009502   -0.005097    0.278119    0.237270    0.015613    0.045912
   -7.0    3.0    2.0 1    0.190629    0.184327    1.071197   -0.078516    0.170748    0.169079   -0.016789    0.090343    0.226655    0.311639   -0.021630    0.086302
   -7.0    4.0    0.0 1    0.382075    0.687178    1.151725    0.502814    0.000000   -0.000000    0.009569    0.006497    0.077535    0.445700   -0.132130    0.240573
   -6.0   -3.0    0.0 1   -0.300703   -0.528426    1.041828    0.278479    0.000000    0.000000   -0.007073   -0.004578    0.126427    0.369739    0.098022   -0.188130
   -6.0   -2.0   -2.0 1   -0.224884   -0.325842    0.810648   -0.134220    0.133705    0.235264   -0.042942    0.084347    0.210522    0.217064    0.050214   -0.128289
   -6.0   -2.0   -1.0 1   -0.218676   -0.126929    0.890119   -0.295308   -0.120897    0.000771   -0.023421   -0.042187    0.270409    0.210561   -0.005650   -0.087069
   -6.0   -2.0    0.0 1   -0.251545   -0.069541    0.815926    0.347340   -0.000000    0.000000    0.001490   -0.004473    0.059093    0.318199   -0.027168   -0.086206
   -6.0   -2.0    1.0 1   -0.218676   -0.126929    0.890119   -0.295308    0.120897   -0.000771    0.024573    0.031894    0.265123    0.211542   -0.003659   -0.087227
   -6.0   -2.0    2.0 1   -0.224884   -0.325842    0.810648   -0.134220   -0.133705   -0.235264    0.044713   -0.089037    0.196960    0.221223    0.055439   -0.126483
   -6.0   -1.0   -2.0 1   -0.108892   -0.097578    1.122803    0.109220   -0.104077    0.105217   -0.053964   -0.012430    0.198164    0.364560    0.007779   -0.050363
   -6.0   -1.0   -1.0 1   -0.075405   -0.040211    1.083199    0.103198    0.104244   -0.047779    0.036507    0.018855    0.187904    0.350808   -0.002344   -0.029316
   -6.0   -1.0    0.0 1    0.068595    0.020206    0.930087   -0.014748   -0.000000   -0.000000    0.001363   -0.002937    0.189546    0.281698    0.008589    0.026513
   -6.0   -1.0    1.0 1   -0.075405   -0.040211    1.083199    0.103198   -0.104244    0.047779   -0.034991   -0.024093    0.181216    0.351193   -0.001442   -0.029855
   -6.0   -1.0    2.0 1   -0.108892   -0.097578    1.122803    0.109220    0.104077   -0.105217    0.051020    0.009920    0.183692    0.363657    0.008707   -0.050000
   -6.0    0.0   -3.0 1   -0.000000    0.000000    0.745921   -1.030080   -0.000000   -0.000000    0.000000   -0.000000    0.469789    0.012656   -0.000000   -0.000000
   -6.0    0.0   -2.0 1   -0.000000    0.000000    0.885160    0.327509   -0.000000   -0.000000    0.000000   -0.000000    0.080324    0.338056   -0.000000   -0.000000
   -6.0    0.0   -1.0 1   -0.000000    0.000000    1.033359    0.323881   -0.000000    0.000000    0.000000    0.000000    0.110597    0.381232   -0.000000    0.000000
   -6.0    0.0    0.0 1    0.000000    0.000000    0.898261    0.001016   -0.000000    0.000000   -0.000000    0.000000    0.176523    0.274739   -0.000000   -0.000000
   -6.0    0.0    1.0 1   -0.000000    0.000000    1.033359    0.323881   -0.000000    0.000000   -0.000000   -0.000000    0.103094    0.380831   -0.000000    0.000000
   -6.0    0.0    2.0 1   -0.000000    0.000000    0.885160    0.327509   -0.000000    0.000000   -0.000000   -0.000000    0.072277    0.333687   -0.000000    0.000000
   -6.0    0.0    3.0 1   -0.000000    0.000000    0.745921   -1.030080   -0.000000    0.000000   -0.000000   -0.000000    0.456470    0.030651   -0.000000   -0.000000
   -6.0    1.0   -2.0 1    0.108892    0.097578    1.122803    0.109220    0.104077   -0.105217    0.053964    0.012430    0.198164    0.364560   -0.007779    0.050363
   -6.0    1.0   -1.0 1    0.075405    0.040211    1.083199    0.103198   -0.104244    0.047779   -0.036507   -0.018855    0.187904    0.350808    0.002344    0.029316
   -6.0    1.0    0.0 1   -0.068595   -0.020206    0.930087   -0.014748   -0.000000   -0.000000   -0.001363    0.002937    0.189546    0.281698   -0.008589   -0.026513
   -6.0    1.0    1.0 1    0.075405    0.040211    1.083199    0.103198    0.104244   -0.047779    0.034991    0.024093    0.181216    0.351193    0.001442    0.029855
   -6.0    1.0    2.0 1    0.108892    0.097578    1.122803    0.109220   -0.104077    0.105217   -0.051020   -0.009920    0.183692    0.363657   -0.008707    0.050000
   -6.0    2.0   -2.0 1    0.224884    0.325842    0.810648   -0.134220   -0.133705   -0.235264    0.042942   -0.084347    0.210522    0.217064   -0.050214    0.128289
   -6.0    2.0   -1.0 1    0.218676    0.126929    0.890119   -0.295308    0.120897   -0.000771    0.023421    0.042187    0.270409    0.210561    0.005650    0.087069
   -6.0    2.0    0.0 1    0.251545    0.069541    0.815926    0.347340    0.000000    0.000000   -0.001490    0.004473    0.059093    0.318199    0.027168    0.086206
   -6.0    2.0    1.0 1    0.218676    0.126929    0.890119   -0.295308   -0.120897    0.000771   -0.024573   -0.031894    0.265123    0.211542    0.003659    0.087227
   -6.0    2.0    2.0 1    0.224884    0.325842    0.810648   -0.134220    0.133705    0.235264   -0.044713    0.089037    0.196960    0.221223   -0.055439    0.126483
   -6.0    3.0    0.0 1    0.300703    0.528426    1.041828    0.278479   -0.000000    0.000000    0.007073    0.004578    0.126427    0.369739   -0.098022    0.188130
   -5.0    0.0    0.0 1    0.000000    0.000000    0.573776   -1.046178   -0.000000   -0.000000    0.000000    0.000000    0.437400   -0.036548   -0.000000   -0.000000
