-15	0	0	0.048669
-14	-3	0	0.048669
-14	-2	-2	0.048669
-14	-2	-1	0.048669
-14	-2	0	0.048669
-14	-2	1	0.048669
-14	-2	2	0.048669
-14	-1	-2	0.048669
-14	-1	-1	0.048669
-14	-1	0	0.048669
-14	-1	1	0.048669
-14	-1	2	0.048669
-14	0	-3	0.048669
-14	0	-2	0.048669
-14	0	-1	0.048669
-14	0	0	0.048669
-14	0	1	0.048669
-14	0	2	0.048669
-14	0	3	0.048669
-14	1	-2	0.048669
-14	1	-1	0.048669
-14	1	0	0.048669
-14	1	1	0.048669
-14	1	2	0.048669
-14	2	-2	0.048669
-14	2	-1	0.048669
-14	2	0	0.048669
-14	2	1	0.048669
-14	2	2	0.048669
-14	3	0	0.048669
-13	-4	0	0.048669
-13	-3	-2	0.048669
-13	-3	-1	0.048669
-13	-3	0	0.048669
-13	-3	1	0.048669
-13	-3	2	0.048669
-13	-2	-3	0.048669
-13	-2	-2	0.048669
-13	-2	-1	0.048669
-13	-2	0	0.048669
-13	-2	1	0.048669
-13	-2	2	0.048669
-13	-2	3	0.048669
-13	-1	-3	0.048669
-13	-1	-2	0.048669
-13	-1	-1	0.048669
-13	-1	0	0.048669
-13	-1	1	0.048669
-13	-1	2	0.048669
-13	-1	3	0.048669
-13	0	-4	0.048669
-13	0	-3	0.048669
-13	0	-2	0.048669
-13	0	-1	0.048669
-13	0	0	0.048669
-13	0	1	0.048669
-13	0	2	0.048669
-13	0	3	0.048669
-13	0	4	0.048669
-13	1	-3	0.048669
-13	1	-2	0.048669
-13	1	-1	0.048669
-13	1	0	0.048669
-13	1	1	0.048669
-13	1	2	0.048669
-13	1	3	0.048669
-13	2	-3	0.048669
-13	2	-2	0.048669
-13	2	-1	0.048669
-13	2	0	0.048669
-13	2	1	0.048669
-13	2	2	0.048669
-13	2	3	0.048669
-13	3	-2	0.048669
-13	3	-1	0.048669
-13	3	0	0.048669
-13	3	1	0.048669
-13	3	2	0.048669
-13	4	0	0.048669
-12	-4	-2	0.048669
-12	-4	-1	0.048669
-12	-4	0	0.048669
-12	-4	1	0.048669
-12	-4	2	0.048669
-12	-3	-3	0.048669
-12	-3	-2	0.048669
-12	-3	-1	0.048669
-12	-3	0	0.048669
-12	-3	1	0.048669
-12	-3	2	0.048669
-12	-3	3	0.048669
-12	-2	-4	0.048669
-12	-2	-3	0.048669
-12	-2	-2	0.048669
-12	-2	-1	0.048669
-12	-2	0	0.048669
-12	-2	1	0.048669
-12	-2	2	0.048669
-12	-2	3	0.048669
-12	-2	4	0.048669
-12	-1	-4	0.048669
-12	-1	-3	0.048669
-12	-1	-2	0.048669
-12	-1	-1	0.048669
-12	-1	0	0.048669
-12	-1	1	0.048669
-12	-1	2	0.048669
-12	-1	3	0.048669
-12	-1	4	0.048669
-12	0	-4	0.048669
-12	0	-3	0.048669
-12	0	-2	0.048669
-12	0	-1	0.048669
-12	0	0	0.048669
-12	0	1	0.048669
-12	0	2	0.048669
-12	0	3	0.048669
-12	0	4	0.048669
-12	1	-4	0.048669
-12	1	-3	0.048669
-12	1	-2	0.048669
-12	1	-1	0.048669
-12	1	0	0.048669
-12	1	1	0.048669
-12	1	2	0.048669
-12	1	3	0.048669
-12	1	4	0.048669
-12	2	-4	0.048669
-12	2	-3	0.048669
-12	2	-2	0.048669
-12	2	-1	0.048669
-12	2	0	0.048669
-12	2	1	0.048669
-12	2	2	0.048669
-12	2	3	0.048669
-12	2	4	0.048669
-12	3	-3	0.048669
-12	3	-2	0.048669
-12	3	-1	0.048669
-12	3	0	0.048669
-12	3	1	0.048669
-12	3	2	0.048669
-12	3	3	0.048669
-12	4	-2	0.048669
-12	4	-1	0.048669
-12	4	0	0.048669
-12	4	1	0.048669
-12	4	2	0.048669
-11	-4	-2	0.048669
-11	-4	-1	0.048669
-11	-4	0	0.048669
-11	-4	1	0.048669
-11	-4	2	0.048669
-11	-3	-3	0.048669
-11	-3	-2	0.048669
-11	-3	-1	0.048669
-11	-3	0	0.048669
-11	-3	1	0.048669
-11	-3	2	0.048669
-11	-3	3	0.048669
-11	-2	-4	0.048669
-11	-2	-3	0.048669
-11	-2	-2	0.048669
-11	-2	-1	0.048669
-11	-2	0	0.048669
-11	-2	1	0.048669
-11	-2	2	0.048669
-11	-2	3	0.048669
-11	-2	4	0.048669
-11	-1	-4	0.048669
-11	-1	-3	0.048669
-11	-1	-2	0.048669
-11	-1	-1	0.048669
-11	-1	0	0.048669
-11	-1	1	0.048669
-11	-1	2	0.048669
-11	-1	3	0.048669
-11	-1	4	0.048669
-11	0	-4	0.048669
-11	0	-3	0.048669
-11	0	-2	0.048669
-11	0	-1	0.048669
-11	0	0	0.048669
-11	0	1	0.048669
-11	0	2	0.048669
-11	0	3	0.048669
-11	0	4	0.048669
-11	1	-4	0.048669
-11	1	-3	0.048669
-11	1	-2	0.048669
-11	1	-1	0.048669
-11	1	0	0.048669
-11	1	1	0.048669
-11	1	2	0.048669
-11	1	3	0.048669
-11	1	4	0.048669
-11	2	-4	0.048669
-11	2	-3	0.048669
-11	2	-2	0.048669
-11	2	-1	0.048669
-11	2	0	0.048669
-11	2	1	0.048669
-11	2	2	0.048669
-11	2	3	0.048669
-11	2	4	0.048669
-11	3	-3	0.048669
-11	3	-2	0.048669
-11	3	-1	0.048669
-11	3	0	0.048669
-11	3	1	0.048669
-11	3	2	0.048669
-11	3	3	0.048669
-11	4	-2	0.048669
-11	4	-1	0.048669
-11	4	0	0.048669
-11	4	1	0.048669
-11	4	2	0.048669
-10	-5	0	0.048669
-10	-4	-3	0.048669
-10	-4	-2	0.048669
-10	-4	-1	0.048669
-10	-4	0	0.048669
-10	-4	1	0.048669
-10	-4	2	0.048669
-10	-4	3	0.048669
-10	-3	-4	0.048669
-10	-3	-3	0.048669
-10	-3	-2	0.048669
-10	-3	-1	0.048669
-10	-3	0	0.048669
-10	-3	1	0.048669
-10	-3	2	0.048669
-10	-3	3	0.048669
-10	-3	4	0.048669
-10	-2	-4	0.048669
-10	-2	-3	0.048669
-10	-2	-2	0.048669
-10	-2	-1	0.048669
-10	-2	0	0.048669
-10	-2	1	0.048669
-10	-2	2	0.048669
-10	-2	3	0.048669
-10	-2	4	0.048669
-10	-1	-4	0.048669
-10	-1	-3	0.048669
-10	-1	-2	0.048669
-10	-1	-1	0.048669
-10	-1	0	0.048669
-10	-1	1	0.048669
-10	-1	2	0.048669
-10	-1	3	0.048669
-10	-1	4	0.048669
-10	0	-5	0.048669
-10	0	-4	0.048669
-10	0	-3	0.048669
-10	0	-2	0.048669
-10	0	-1	0.048669
-10	0	0	0.048669
-10	0	1	0.048669
-10	0	2	0.048669
-10	0	3	0.048669
-10	0	4	0.048669
-10	0	5	0.048669
-10	1	-4	0.048669
-10	1	-3	0.048669
-10	1	-2	0.048669
-10	1	-1	0.048669
-10	1	0	0.048669
-10	1	1	0.048669
-10	1	2	0.048669
-10	1	3	0.048669
-10	1	4	0.048669
-10	2	-4	0.048669
-10	2	-3	0.048669
-10	2	-2	0.048669
-10	2	-1	0.048669
-10	2	0	0.048669
-10	2	1	0.048669
-10	2	2	0.048669
-10	2	3	0.048669
-10	2	4	0.048669
-10	3	-4	0.048669
-10	3	-3	0.048669
-10	3	-2	0.048669
-10	3	-1	0.048669
-10	3	0	0.048669
-10	3	1	0.048669
-10	3	2	0.048669
-10	3	3	0.048669
-10	3	4	0.048669
-10	4	-3	0.048669
-10	4	-2	0.048669
-10	4	-1	0.048669
-10	4	0	0.048669
-10	4	1	0.048669
-10	4	2	0.048669
-10	4	3	0.048669
-10	5	0	0.048669
-9	-4	-2	0.048669
-9	-4	-1	0.048669
-9	-4	0	0.048669
-9	-4	1	0.048669
-9	-4	2	0.048669
-9	-3	-3	0.048669
-9	-3	-2	0.048669
-9	-3	-1	0.048669
-9	-3	0	0.048669
-9	-3	1	0.048669
-9	-3	2	0.048669
-9	-3	3	0.048669
-9	-2	-4	0.048669
-9	-2	-3	0.048669
-9	-2	-2	0.048669
-9	-2	-1	0.048669
-9	-2	0	0.048669
-9	-2	1	0.048669
-9	-2	2	0.048669
-9	-2	3	0.048669
-9	-2	4	0.048669
-9	-1	-4	0.048669
-9	-1	-3	0.048669
-9	-1	-2	0.048669
-9	-1	-1	0.048669
-9	-1	0	0.048669
-9	-1	1	0.048669
-9	-1	2	0.048669
-9	-1	3	0.048669
-9	-1	4	0.048669
-9	0	-4	0.048669
-9	0	-3	0.048669
-9	0	-2	0.048669
-9	0	-1	0.048669
-9	0	0	0.048669
-9	0	1	0.048669
-9	0	2	0.048669
-9	0	3	0.048669
-9	0	4	0.048669
-9	1	-4	0.048669
-9	1	-3	0.048669
-9	1	-2	0.048669
-9	1	-1	0.048669
-9	1	0	0.048669
-9	1	1	0.048669
-9	1	2	0.048669
-9	1	3	0.048669
-9	1	4	0.048669
-9	2	-4	0.048669
-9	2	-3	0.048669
-9	2	-2	0.048669
-9	2	-1	0.048669
-9	2	0	0.048669
-9	2	1	0.048669
-9	2	2	0.048669
-9	2	3	0.048669
-9	2	4	0.048669
-9	3	-3	0.048669
-9	3	-2	0.048669
-9	3	-1	0.048669
-9	3	0	0.048669
-9	3	1	0.048669
-9	3	2	0.048669
-9	3	3	0.048669
-9	4	-2	0.048669
-9	4	-1	0.048669
-9	4	0	0.048669
-9	4	1	0.048669
-9	4	2	0.048669
-8	-4	-2	0.048669
-8	-4	-1	0.048669
-8	-4	0	0.048669
-8	-4	1	0.048669
-8	-4	2	0.048669
-8	-3	-3	0.048669
-8	-3	-2	0.048669
-8	-3	-1	0.048669
-8	-3	0	0.048669
-8	-3	1	0.048669
-8	-3	2	0.048669
-8	-3	3	0.048669
-8	-2	-4	0.048669
-8	-2	-3	0.048669
-8	-2	-2	0.048669
-8	-2	-1	0.048669
-8	-2	0	0.048669
-8	-2	1	0.048669
-8	-2	2	0.048669
-8	-2	3	0.048669
-8	-2	4	0.048669
-8	-1	-4	0.048669
-8	-1	-3	0.048669
-8	-1	-2	0.048669
-8	-1	-1	0.048669
-8	-1	0	0.048669
-8	-1	1	0.048669
-8	-1	2	0.048669
-8	-1	3	0.048669
-8	-1	4	0.048669
-8	0	-4	0.048669
-8	0	-3	0.048669
-8	0	-2	0.048669
-8	0	-1	0.048669
-8	0	0	0.048669
-8	0	1	0.048669
-8	0	2	0.048669
-8	0	3	0.048669
-8	0	4	0.048669
-8	1	-4	0.048669
-8	1	-3	0.048669
-8	1	-2	0.048669
-8	1	-1	0.048669
-8	1	0	0.048669
-8	1	1	0.048669
-8	1	2	0.048669
-8	1	3	0.048669
-8	1	4	0.048669
-8	2	-4	0.048669
-8	2	-3	0.048669
-8	2	-2	0.048669
-8	2	-1	0.048669
-8	2	0	0.048669
-8	2	1	0.048669
-8	2	2	0.048669
-8	2	3	0.048669
-8	2	4	0.048669
-8	3	-3	0.048669
-8	3	-2	0.048669
-8	3	-1	0.048669
-8	3	0	0.048669
-8	3	1	0.048669
-8	3	2	0.048669
-8	3	3	0.048669
-8	4	-2	0.048669
-8	4	-1	0.048669
-8	4	0	0.048669
-8	4	1	0.048669
-8	4	2	0.048669
-7	-4	0	0.048669
-7	-3	-2	0.048669
-7	-3	-1	0.048669
-7	-3	0	0.048669
-7	-3	1	0.048669
-7	-3	2	0.048669
-7	-2	-3	0.048669
-7	-2	-2	0.048669
-7	-2	-1	0.048669
-7	-2	0	0.048669
-7	-2	1	0.048669
-7	-2	2	0.048669
-7	-2	3	0.048669
-7	-1	-3	0.048669
-7	-1	-2	0.048669
-7	-1	-1	0.048669
-7	-1	0	0.048669
-7	-1	1	0.048669
-7	-1	2	0.048669
-7	-1	3	0.048669
-7	0	-4	0.048669
-7	0	-3	0.048669
-7	0	-2	0.048669
-7	0	-1	0.048669
-7	0	0	0.048669
-7	0	1	0.048669
-7	0	2	0.048669
-7	0	3	0.048669
-7	0	4	0.048669
-7	1	-3	0.048669
-7	1	-2	0.048669
-7	1	-1	0.048669
-7	1	0	0.048669
-7	1	1	0.048669
-7	1	2	0.048669
-7	1	3	0.048669
-7	2	-3	0.048669
-7	2	-2	0.048669
-7	2	-1	0.048669
-7	2	0	0.048669
-7	2	1	0.048669
-7	2	2	0.048669
-7	2	3	0.048669
-7	3	-2	0.048669
-7	3	-1	0.048669
-7	3	0	0.048669
-7	3	1	0.048669
-7	3	2	0.048669
-7	4	0	0.048669
-6	-3	0	0.048669
-6	-2	-2	0.048669
-6	-2	-1	0.048669
-6	-2	0	0.048669
-6	-2	1	0.048669
-6	-2	2	0.048669
-6	-1	-2	0.048669
-6	-1	-1	0.048669
-6	-1	0	0.048669
-6	-1	1	0.048669
-6	-1	2	0.048669
-6	0	-3	0.048669
-6	0	-2	0.048669
-6	0	-1	0.048669
-6	0	0	0.048669
-6	0	1	0.048669
-6	0	2	0.048669
-6	0	3	0.048669
-6	1	-2	0.048669
-6	1	-1	0.048669
-6	1	0	0.048669
-6	1	1	0.048669
-6	1	2	0.048669
-6	2	-2	0.048669
-6	2	-1	0.048669
-6	2	0	0.048669
-6	2	1	0.048669
-6	2	2	0.048669
-6	3	0	0.048669
-5	0	0	0.048669
