-6.0	-5.0	0.0	0.041966
-9.0	-4.0	0.0	0.041966
-8.0	-4.0	-2.0	0.041966
-8.0	-4.0	-1.0	0.041966
-8.0	-4.0	0.0	0.041966
-8.0	-4.0	1.0	0.041966
-8.0	-4.0	2.0	0.041966
-7.0	-4.0	-2.0	0.041966
-7.0	-4.0	-1.0	0.041966
-7.0	-4.0	0.0	0.041966
-7.0	-4.0	1.0	0.041966
-7.0	-4.0	2.0	0.041966
-6.0	-4.0	-3.0	0.041966
-6.0	-4.0	-2.0	0.041966
-6.0	-4.0	-1.0	0.041966
-6.0	-4.0	0.0	0.041966
-6.0	-4.0	1.0	0.041966
-6.0	-4.0	2.0	0.041966
-6.0	-4.0	3.0	0.041966
-5.0	-4.0	-2.0	0.041966
-5.0	-4.0	-1.0	0.041966
-5.0	-4.0	0.0	0.041966
-5.0	-4.0	1.0	0.041966
-5.0	-4.0	2.0	0.041966
-4.0	-4.0	-2.0	0.041966
-4.0	-4.0	-1.0	0.041966
-4.0	-4.0	0.0	0.041966
-4.0	-4.0	1.0	0.041966
-4.0	-4.0	2.0	0.041966
-3.0	-4.0	0.0	0.041966
-10.0	-3.0	0.0	0.041966
-9.0	-3.0	-2.0	0.041966
-9.0	-3.0	-1.0	0.041966
-9.0	-3.0	0.0	0.041966
-9.0	-3.0	1.0	0.041966
-9.0	-3.0	2.0	0.041966
-8.0	-3.0	-3.0	0.041966
-8.0	-3.0	-2.0	0.041966
-8.0	-3.0	-1.0	0.041966
-8.0	-3.0	0.0	0.041966
-8.0	-3.0	1.0	0.041966
-8.0	-3.0	2.0	0.041966
-8.0	-3.0	3.0	0.041966
-7.0	-3.0	-3.0	0.041966
-7.0	-3.0	-2.0	0.041966
-7.0	-3.0	-1.0	0.041966
-7.0	-3.0	0.0	0.041966
-7.0	-3.0	1.0	0.041966
-7.0	-3.0	2.0	0.041966
-7.0	-3.0	3.0	0.041966
-6.0	-3.0	-4.0	0.041966
-6.0	-3.0	-3.0	0.041966
-6.0	-3.0	-2.0	0.041966
-6.0	-3.0	-1.0	0.041966
-6.0	-3.0	0.0	0.041966
-6.0	-3.0	1.0	0.041966
-6.0	-3.0	2.0	0.041966
-6.0	-3.0	3.0	0.041966
-6.0	-3.0	4.0	0.041966
-5.0	-3.0	-3.0	0.041966
-5.0	-3.0	-2.0	0.041966
-5.0	-3.0	-1.0	0.041966
-5.0	-3.0	0.0	0.041966
-5.0	-3.0	1.0	0.041966
-5.0	-3.0	2.0	0.041966
-5.0	-3.0	3.0	0.041966
-4.0	-3.0	-3.0	0.041966
-4.0	-3.0	-2.0	0.041966
-4.0	-3.0	-1.0	0.041966
-4.0	-3.0	0.0	0.041966
-4.0	-3.0	1.0	0.041966
-4.0	-3.0	2.0	0.041966
-4.0	-3.0	3.0	0.041966
-3.0	-3.0	-2.0	0.041966
-3.0	-3.0	-1.0	0.041966
-3.0	-3.0	0.0	0.041966
-3.0	-3.0	1.0	0.041966
-3.0	-3.0	2.0	0.041966
-2.0	-3.0	0.0	0.041966
-10.0	-2.0	-2.0	0.041966
-10.0	-2.0	-1.0	0.041966
-10.0	-2.0	0.0	0.041966
-10.0	-2.0	1.0	0.041966
-10.0	-2.0	2.0	0.041966
-9.0	-2.0	-3.0	0.041966
-9.0	-2.0	-2.0	0.041966
-9.0	-2.0	-1.0	0.041966
-9.0	-2.0	0.0	0.041966
-9.0	-2.0	1.0	0.041966
-9.0	-2.0	2.0	0.041966
-9.0	-2.0	3.0	0.041966
-8.0	-2.0	-4.0	0.041966
-8.0	-2.0	-3.0	0.041966
-8.0	-2.0	-2.0	0.041966
-8.0	-2.0	-1.0	0.041966
-8.0	-2.0	0.0	0.041966
-8.0	-2.0	1.0	0.041966
-8.0	-2.0	2.0	0.041966
-8.0	-2.0	3.0	0.041966
-8.0	-2.0	4.0	0.041966
-7.0	-2.0	-4.0	0.041966
-7.0	-2.0	-3.0	0.041966
-7.0	-2.0	-2.0	0.041966
-7.0	-2.0	-1.0	0.041966
-7.0	-2.0	0.0	0.041966
-7.0	-2.0	1.0	0.041966
-7.0	-2.0	2.0	0.041966
-7.0	-2.0	3.0	0.041966
-7.0	-2.0	4.0	0.041966
-6.0	-2.0	-4.0	0.041966
-6.0	-2.0	-3.0	0.041966
-6.0	-2.0	-2.0	0.041966
-6.0	-2.0	-1.0	0.041966
-6.0	-2.0	0.0	0.041966
-6.0	-2.0	1.0	0.041966
-6.0	-2.0	2.0	0.041966
-6.0	-2.0	3.0	0.041966
-6.0	-2.0	4.0	0.041966
-5.0	-2.0	-4.0	0.041966
-5.0	-2.0	-3.0	0.041966
-5.0	-2.0	-2.0	0.041966
-5.0	-2.0	-1.0	0.041966
-5.0	-2.0	0.0	0.041966
-5.0	-2.0	1.0	0.041966
-5.0	-2.0	2.0	0.041966
-5.0	-2.0	3.0	0.041966
-5.0	-2.0	4.0	0.041966
-4.0	-2.0	-4.0	0.041966
-4.0	-2.0	-3.0	0.041966
-4.0	-2.0	-2.0	0.041966
-4.0	-2.0	-1.0	0.041966
-4.0	-2.0	0.0	0.041966
-4.0	-2.0	1.0	0.041966
-4.0	-2.0	2.0	0.041966
-4.0	-2.0	3.0	0.041966
-4.0	-2.0	4.0	0.041966
-3.0	-2.0	-3.0	0.041966
-3.0	-2.0	-2.0	0.041966
-3.0	-2.0	-1.0	0.041966
-3.0	-2.0	0.0	0.041966
-3.0	-2.0	1.0	0.041966
-3.0	-2.0	2.0	0.041966
-3.0	-2.0	3.0	0.041966
-2.0	-2.0	-2.0	0.041966
-2.0	-2.0	-1.0	0.041966
-2.0	-2.0	0.0	0.041966
-2.0	-2.0	1.0	0.041966
-2.0	-2.0	2.0	0.041966
-10.0	-1.0	-2.0	0.041966
-10.0	-1.0	-1.0	0.041966
-10.0	-1.0	0.0	0.041966
-10.0	-1.0	1.0	0.041966
-10.0	-1.0	2.0	0.041966
-9.0	-1.0	-3.0	0.041966
-9.0	-1.0	-2.0	0.041966
-9.0	-1.0	-1.0	0.041966
-9.0	-1.0	0.0	0.041966
-9.0	-1.0	1.0	0.041966
-9.0	-1.0	2.0	0.041966
-9.0	-1.0	3.0	0.041966
-8.0	-1.0	-4.0	0.041966
-8.0	-1.0	-3.0	0.041966
-8.0	-1.0	-2.0	0.041966
-8.0	-1.0	-1.0	0.041966
-8.0	-1.0	0.0	0.041966
-8.0	-1.0	1.0	0.041966
-8.0	-1.0	2.0	0.041966
-8.0	-1.0	3.0	0.041966
-8.0	-1.0	4.0	0.041966
-7.0	-1.0	-4.0	0.041966
-7.0	-1.0	-3.0	0.041966
-7.0	-1.0	-2.0	0.041966
-7.0	-1.0	-1.0	0.041966
-7.0	-1.0	0.0	0.041966
-7.0	-1.0	1.0	0.041966
-7.0	-1.0	2.0	0.041966
-7.0	-1.0	3.0	0.041966
-7.0	-1.0	4.0	0.041966
-6.0	-1.0	-4.0	0.041966
-6.0	-1.0	-3.0	0.041966
-6.0	-1.0	-2.0	0.041966
-6.0	-1.0	-1.0	0.041966
-6.0	-1.0	0.0	0.041966
-6.0	-1.0	1.0	0.041966
-6.0	-1.0	2.0	0.041966
-6.0	-1.0	3.0	0.041966
-6.0	-1.0	4.0	0.041966
-5.0	-1.0	-4.0	0.041966
-5.0	-1.0	-3.0	0.041966
-5.0	-1.0	-2.0	0.041966
-5.0	-1.0	-1.0	0.041966
-5.0	-1.0	0.0	0.041966
-5.0	-1.0	1.0	0.041966
-5.0	-1.0	2.0	0.041966
-5.0	-1.0	3.0	0.041966
-5.0	-1.0	4.0	0.041966
-4.0	-1.0	-4.0	0.041966
-4.0	-1.0	-3.0	0.041966
-4.0	-1.0	-2.0	0.041966
-4.0	-1.0	-1.0	0.041966
-4.0	-1.0	0.0	0.041966
-4.0	-1.0	1.0	0.041966
-4.0	-1.0	2.0	0.041966
-4.0	-1.0	3.0	0.041966
-4.0	-1.0	4.0	0.041966
-3.0	-1.0	-3.0	0.041966
-3.0	-1.0	-2.0	0.041966
-3.0	-1.0	-1.0	0.041966
-3.0	-1.0	0.0	0.041966
-3.0	-1.0	1.0	0.041966
-3.0	-1.0	2.0	0.041966
-3.0	-1.0	3.0	0.041966
-2.0	-1.0	-2.0	0.041966
-2.0	-1.0	-1.0	0.041966
-2.0	-1.0	0.0	0.041966
-2.0	-1.0	1.0	0.041966
-2.0	-1.0	2.0	0.041966
-11.0	0.0	0.0	0.041966
-10.0	0.0	-3.0	0.041966
-10.0	0.0	-2.0	0.041966
-10.0	0.0	-1.0	0.041966
-10.0	0.0	0.0	0.041966
-10.0	0.0	1.0	0.041966
-10.0	0.0	2.0	0.041966
-10.0	0.0	3.0	0.041966
-9.0	0.0	-4.0	0.041966
-9.0	0.0	-3.0	0.041966
-9.0	0.0	-2.0	0.041966
-9.0	0.0	-1.0	0.041966
-9.0	0.0	0.0	0.041966
-9.0	0.0	1.0	0.041966
-9.0	0.0	2.0	0.041966
-9.0	0.0	3.0	0.041966
-9.0	0.0	4.0	0.041966
-8.0	0.0	-4.0	0.041966
-8.0	0.0	-3.0	0.041966
-8.0	0.0	-2.0	0.041966
-8.0	0.0	-1.0	0.041966
-8.0	0.0	0.0	0.041966
-8.0	0.0	1.0	0.041966
-8.0	0.0	2.0	0.041966
-8.0	0.0	3.0	0.041966
-8.0	0.0	4.0	0.041966
-7.0	0.0	-4.0	0.041966
-7.0	0.0	-3.0	0.041966
-7.0	0.0	-2.0	0.041966
-7.0	0.0	-1.0	0.041966
-7.0	0.0	0.0	0.041966
-7.0	0.0	1.0	0.041966
-7.0	0.0	2.0	0.041966
-7.0	0.0	3.0	0.041966
-7.0	0.0	4.0	0.041966
-6.0	0.0	-5.0	0.041966
-6.0	0.0	-4.0	0.041966
-6.0	0.0	-3.0	0.041966
-6.0	0.0	-2.0	0.041966
-6.0	0.0	-1.0	0.041966
-6.0	0.0	0.0	0.041966
-6.0	0.0	1.0	0.041966
-6.0	0.0	2.0	0.041966
-6.0	0.0	3.0	0.041966
-6.0	0.0	4.0	0.041966
-6.0	0.0	5.0	0.041966
-5.0	0.0	-4.0	0.041966
-5.0	0.0	-3.0	0.041966
-5.0	0.0	-2.0	0.041966
-5.0	0.0	-1.0	0.041966
-5.0	0.0	0.0	0.041966
-5.0	0.0	1.0	0.041966
-5.0	0.0	2.0	0.041966
-5.0	0.0	3.0	0.041966
-5.0	0.0	4.0	0.041966
-4.0	0.0	-4.0	0.041966
-4.0	0.0	-3.0	0.041966
-4.0	0.0	-2.0	0.041966
-4.0	0.0	-1.0	0.041966
-4.0	0.0	0.0	0.041966
-4.0	0.0	1.0	0.041966
-4.0	0.0	2.0	0.041966
-4.0	0.0	3.0	0.041966
-4.0	0.0	4.0	0.041966
-3.0	0.0	-4.0	0.041966
-3.0	0.0	-3.0	0.041966
-3.0	0.0	-2.0	0.041966
-3.0	0.0	-1.0	0.041966
-3.0	0.0	0.0	0.041966
-3.0	0.0	1.0	0.041966
-3.0	0.0	2.0	0.041966
-3.0	0.0	3.0	0.041966
-3.0	0.0	4.0	0.041966
-2.0	0.0	-3.0	0.041966
-2.0	0.0	-2.0	0.041966
-2.0	0.0	-1.0	0.041966
-2.0	0.0	0.0	0.041966
-2.0	0.0	1.0	0.041966
-2.0	0.0	2.0	0.041966
-2.0	0.0	3.0	0.041966
-1.0	0.0	0.0	0.041966
-10.0	1.0	-2.0	0.041966
-10.0	1.0	-1.0	0.041966
-10.0	1.0	0.0	0.041966
-10.0	1.0	1.0	0.041966
-10.0	1.0	2.0	0.041966
-9.0	1.0	-3.0	0.041966
-9.0	1.0	-2.0	0.041966
-9.0	1.0	-1.0	0.041966
-9.0	1.0	0.0	0.041966
-9.0	1.0	1.0	0.041966
-9.0	1.0	2.0	0.041966
-9.0	1.0	3.0	0.041966
-8.0	1.0	-4.0	0.041966
-8.0	1.0	-3.0	0.041966
-8.0	1.0	-2.0	0.041966
-8.0	1.0	-1.0	0.041966
-8.0	1.0	0.0	0.041966
-8.0	1.0	1.0	0.041966
-8.0	1.0	2.0	0.041966
-8.0	1.0	3.0	0.041966
-8.0	1.0	4.0	0.041966
-7.0	1.0	-4.0	0.041966
-7.0	1.0	-3.0	0.041966
-7.0	1.0	-2.0	0.041966
-7.0	1.0	-1.0	0.041966
-7.0	1.0	0.0	0.041966
-7.0	1.0	1.0	0.041966
-7.0	1.0	2.0	0.041966
-7.0	1.0	3.0	0.041966
-7.0	1.0	4.0	0.041966
-6.0	1.0	-4.0	0.041966
-6.0	1.0	-3.0	0.041966
-6.0	1.0	-2.0	0.041966
-6.0	1.0	-1.0	0.041966
-6.0	1.0	0.0	0.041966
-6.0	1.0	1.0	0.041966
-6.0	1.0	2.0	0.041966
-6.0	1.0	3.0	0.041966
-6.0	1.0	4.0	0.041966
-5.0	1.0	-4.0	0.041966
-5.0	1.0	-3.0	0.041966
-5.0	1.0	-2.0	0.041966
-5.0	1.0	-1.0	0.041966
-5.0	1.0	0.0	0.041966
-5.0	1.0	1.0	0.041966
-5.0	1.0	2.0	0.041966
-5.0	1.0	3.0	0.041966
-5.0	1.0	4.0	0.041966
-4.0	1.0	-4.0	0.041966
-4.0	1.0	-3.0	0.041966
-4.0	1.0	-2.0	0.041966
-4.0	1.0	-1.0	0.041966
-4.0	1.0	0.0	0.041966
-4.0	1.0	1.0	0.041966
-4.0	1.0	2.0	0.041966
-4.0	1.0	3.0	0.041966
-4.0	1.0	4.0	0.041966
-3.0	1.0	-3.0	0.041966
-3.0	1.0	-2.0	0.041966
-3.0	1.0	-1.0	0.041966
-3.0	1.0	0.0	0.041966
-3.0	1.0	1.0	0.041966
-3.0	1.0	2.0	0.041966
-3.0	1.0	3.0	0.041966
-2.0	1.0	-2.0	0.041966
-2.0	1.0	-1.0	0.041966
-2.0	1.0	0.0	0.041966
-2.0	1.0	1.0	0.041966
-2.0	1.0	2.0	0.041966
-10.0	2.0	-2.0	0.041966
-10.0	2.0	-1.0	0.041966
-10.0	2.0	0.0	0.041966
-10.0	2.0	1.0	0.041966
-10.0	2.0	2.0	0.041966
-9.0	2.0	-3.0	0.041966
-9.0	2.0	-2.0	0.041966
-9.0	2.0	-1.0	0.041966
-9.0	2.0	0.0	0.041966
-9.0	2.0	1.0	0.041966
-9.0	2.0	2.0	0.041966
-9.0	2.0	3.0	0.041966
-8.0	2.0	-4.0	0.041966
-8.0	2.0	-3.0	0.041966
-8.0	2.0	-2.0	0.041966
-8.0	2.0	-1.0	0.041966
-8.0	2.0	0.0	0.041966
-8.0	2.0	1.0	0.041966
-8.0	2.0	2.0	0.041966
-8.0	2.0	3.0	0.041966
-8.0	2.0	4.0	0.041966
-7.0	2.0	-4.0	0.041966
-7.0	2.0	-3.0	0.041966
-7.0	2.0	-2.0	0.041966
-7.0	2.0	-1.0	0.041966
-7.0	2.0	0.0	0.041966
-7.0	2.0	1.0	0.041966
-7.0	2.0	2.0	0.041966
-7.0	2.0	3.0	0.041966
-7.0	2.0	4.0	0.041966
-6.0	2.0	-4.0	0.041966
-6.0	2.0	-3.0	0.041966
-6.0	2.0	-2.0	0.041966
-6.0	2.0	-1.0	0.041966
-6.0	2.0	0.0	0.041966
-6.0	2.0	1.0	0.041966
-6.0	2.0	2.0	0.041966
-6.0	2.0	3.0	0.041966
-6.0	2.0	4.0	0.041966
-5.0	2.0	-4.0	0.041966
-5.0	2.0	-3.0	0.041966
-5.0	2.0	-2.0	0.041966
-5.0	2.0	-1.0	0.041966
-5.0	2.0	0.0	0.041966
-5.0	2.0	1.0	0.041966
-5.0	2.0	2.0	0.041966
-5.0	2.0	3.0	0.041966
-5.0	2.0	4.0	0.041966
-4.0	2.0	-4.0	0.041966
-4.0	2.0	-3.0	0.041966
-4.0	2.0	-2.0	0.041966
-4.0	2.0	-1.0	0.041966
-4.0	2.0	0.0	0.041966
-4.0	2.0	1.0	0.041966
-4.0	2.0	2.0	0.041966
-4.0	2.0	3.0	0.041966
-4.0	2.0	4.0	0.041966
-3.0	2.0	-3.0	0.041966
-3.0	2.0	-2.0	0.041966
-3.0	2.0	-1.0	0.041966
-3.0	2.0	0.0	0.041966
-3.0	2.0	1.0	0.041966
-3.0	2.0	2.0	0.041966
-3.0	2.0	3.0	0.041966
-2.0	2.0	-2.0	0.041966
-2.0	2.0	-1.0	0.041966
-2.0	2.0	0.0	0.041966
-2.0	2.0	1.0	0.041966
-2.0	2.0	2.0	0.041966
-10.0	3.0	0.0	0.041966
-9.0	3.0	-2.0	0.041966
-9.0	3.0	-1.0	0.041966
-9.0	3.0	0.0	0.041966
-9.0	3.0	1.0	0.041966
-9.0	3.0	2.0	0.041966
-8.0	3.0	-3.0	0.041966
-8.0	3.0	-2.0	0.041966
-8.0	3.0	-1.0	0.041966
-8.0	3.0	0.0	0.041966
-8.0	3.0	1.0	0.041966
-8.0	3.0	2.0	0.041966
-8.0	3.0	3.0	0.041966
-7.0	3.0	-3.0	0.041966
-7.0	3.0	-2.0	0.041966
-7.0	3.0	-1.0	0.041966
-7.0	3.0	0.0	0.041966
-7.0	3.0	1.0	0.041966
-7.0	3.0	2.0	0.041966
-7.0	3.0	3.0	0.041966
-6.0	3.0	-4.0	0.041966
-6.0	3.0	-3.0	0.041966
-6.0	3.0	-2.0	0.041966
-6.0	3.0	-1.0	0.041966
-6.0	3.0	0.0	0.041966
-6.0	3.0	1.0	0.041966
-6.0	3.0	2.0	0.041966
-6.0	3.0	3.0	0.041966
-6.0	3.0	4.0	0.041966
-5.0	3.0	-3.0	0.041966
-5.0	3.0	-2.0	0.041966
-5.0	3.0	-1.0	0.041966
-5.0	3.0	0.0	0.041966
-5.0	3.0	1.0	0.041966
-5.0	3.0	2.0	0.041966
-5.0	3.0	3.0	0.041966
-4.0	3.0	-3.0	0.041966
-4.0	3.0	-2.0	0.041966
-4.0	3.0	-1.0	0.041966
-4.0	3.0	0.0	0.041966
-4.0	3.0	1.0	0.041966
-4.0	3.0	2.0	0.041966
-4.0	3.0	3.0	0.041966
-3.0	3.0	-2.0	0.041966
-3.0	3.0	-1.0	0.041966
-3.0	3.0	0.0	0.041966
-3.0	3.0	1.0	0.041966
-3.0	3.0	2.0	0.041966
-2.0	3.0	0.0	0.041966
-9.0	4.0	0.0	0.041966
-8.0	4.0	-2.0	0.041966
-8.0	4.0	-1.0	0.041966
-8.0	4.0	0.0	0.041966
-8.0	4.0	1.0	0.041966
-8.0	4.0	2.0	0.041966
-7.0	4.0	-2.0	0.041966
-7.0	4.0	-1.0	0.041966
-7.0	4.0	0.0	0.041966
-7.0	4.0	1.0	0.041966
-7.0	4.0	2.0	0.041966
-6.0	4.0	-3.0	0.041966
-6.0	4.0	-2.0	0.041966
-6.0	4.0	-1.0	0.041966
-6.0	4.0	0.0	0.041966
-6.0	4.0	1.0	0.041966
-6.0	4.0	2.0	0.041966
-6.0	4.0	3.0	0.041966
-5.0	4.0	-2.0	0.041966
-5.0	4.0	-1.0	0.041966
-5.0	4.0	0.0	0.041966
-5.0	4.0	1.0	0.041966
-5.0	4.0	2.0	0.041966
-4.0	4.0	-2.0	0.041966
-4.0	4.0	-1.0	0.041966
-4.0	4.0	0.0	0.041966
-4.0	4.0	1.0	0.041966
-4.0	4.0	2.0	0.041966
-3.0	4.0	0.0	0.041966
-6.0	5.0	0.0	0.041966
