Refractive index of gold (Made on 10-13-21)
1 2 3 0 0 = specifies whether N or epsilon are read in (see manual)
lambda [um]	n	k
0.293	1.49521	1.87921
0.294	1.50368	1.88122
0.295	1.51073	1.88296
0.296	1.51647	1.88445
0.297	1.52104	1.88572
0.298	1.52456	1.88678
0.299	1.52715	1.88767
0.300	1.52893	1.88841
0.301	1.53002	1.88901
0.302	1.53055	1.88951
0.303	1.53064	1.88993
0.304	1.53041	1.89029
0.305	1.52999	1.89061
0.306	1.52950	1.89092
0.307	1.52906	1.89124
0.308	1.52879	1.89160
0.309	1.52882	1.89203
0.310	1.52927	1.89253
0.311	1.53027	1.89314
0.312	1.53183	1.89386
0.313	1.53378	1.89465
0.314	1.53591	1.89547
0.315	1.53801	1.89625
0.316	1.53987	1.89696
0.317	1.54130	1.89755
0.318	1.54208	1.89797
0.319	1.54200	1.89818
0.320	1.54085	1.89812
0.321	1.53845	1.89775
0.322	1.53482	1.89707
0.323	1.53017	1.89613
0.324	1.52472	1.89496
0.325	1.51869	1.89361
0.326	1.51230	1.89211
0.327	1.50575	1.89050
0.328	1.49927	1.88884
0.329	1.49307	1.88715
0.330	1.48737	1.88547
0.331	1.48239	1.88386
0.332	1.47834	1.88235
0.333	1.47529	1.88095
0.334	1.47317	1.87965
0.335	1.47188	1.87845
0.336	1.47135	1.87732
0.337	1.47147	1.87626
0.338	1.47215	1.87526
0.339	1.47332	1.87429
0.340	1.47488	1.87335
0.341	1.47674	1.87243
0.342	1.47880	1.87151
0.343	1.48100	1.87058
0.344	1.48325	1.86964
0.345	1.48551	1.86873
0.346	1.48775	1.86786
0.347	1.48992	1.86707
0.348	1.49198	1.86638
0.349	1.49390	1.86581
0.350	1.49564	1.86540
0.351	1.49714	1.86517
0.352	1.49838	1.86514
0.353	1.49932	1.86535
0.354	1.49990	1.86581
0.355	1.50010	1.86656
0.356	1.49993	1.86759
0.357	1.49940	1.86888
0.358	1.49857	1.87041
0.359	1.49745	1.87217
0.360	1.49608	1.87413
0.361	1.49450	1.87629
0.362	1.49272	1.87861
0.363	1.49079	1.88109
0.364	1.48874	1.88370
0.365	1.48659	1.88643
0.366	1.48438	1.88925
0.367	1.48215	1.89215
0.368	1.47991	1.89511
0.369	1.47771	1.89812
0.370	1.47556	1.90115
0.371	1.47348	1.90419
0.372	1.47148	1.90723
0.373	1.46959	1.91025
0.374	1.46781	1.91323
0.375	1.46617	1.91616
0.376	1.46468	1.91903
0.377	1.46336	1.92181
0.378	1.46224	1.92449
0.379	1.46131	1.92707
0.380	1.46061	1.92951
0.381	1.46015	1.93181
0.382	1.45994	1.93395
0.383	1.45998	1.93592
0.384	1.46024	1.93775
0.385	1.46070	1.93942
0.386	1.46131	1.94096
0.387	1.46205	1.94238
0.388	1.46290	1.94368
0.389	1.46381	1.94487
0.390	1.46476	1.94597
0.391	1.46571	1.94698
0.392	1.46665	1.94790
0.393	1.46753	1.94876
0.394	1.46832	1.94956
0.395	1.46901	1.95032
0.396	1.46954	1.95103
0.397	1.46990	1.95170
0.398	1.47006	1.95236
0.399	1.47001	1.95300
0.400	1.46978	1.95362
0.401	1.46938	1.95421
0.402	1.46885	1.95477
0.403	1.46819	1.95529
0.404	1.46745	1.95579
0.405	1.46663	1.95624
0.406	1.46576	1.95665
0.407	1.46486	1.95701
0.408	1.46396	1.95732
0.409	1.46308	1.95758
0.410	1.46223	1.95778
0.411	1.46145	1.95792
0.412	1.46076	1.95800
0.413	1.46017	1.95801
0.414	1.45971	1.95795
0.415	1.45938	1.95782
0.416	1.45913	1.95763
0.417	1.45896	1.95736
0.418	1.45883	1.95703
0.419	1.45871	1.95663
0.420	1.45858	1.95618
0.421	1.45842	1.95566
0.422	1.45820	1.95508
0.423	1.45789	1.95445
0.424	1.45747	1.95376
0.425	1.45690	1.95302
0.426	1.45617	1.95223
0.427	1.45525	1.95139
0.428	1.45411	1.95050
0.429	1.45272	1.94956
0.430	1.45107	1.94858
0.431	1.44912	1.94755
0.432	1.44686	1.94648
0.433	1.44434	1.94536
0.434	1.44156	1.94420
0.435	1.43856	1.94298
0.436	1.43535	1.94170
0.437	1.43196	1.94037
0.438	1.42843	1.93897
0.439	1.42476	1.93751
0.440	1.42099	1.93599
0.441	1.41714	1.93439
0.442	1.41324	1.93271
0.443	1.40931	1.93096
0.444	1.40537	1.92913
0.445	1.40146	1.92721
0.446	1.39758	1.92521
0.447	1.39378	1.92312
0.448	1.39007	1.92094
0.449	1.38648	1.91866
0.450	1.38303	1.91628
0.451	1.37974	1.91380
0.452	1.37664	1.91122
0.453	1.37370	1.90853
0.454	1.37088	1.90576
0.455	1.36816	1.90290
0.456	1.36550	1.89997
0.457	1.36288	1.89696
0.458	1.36026	1.89388
0.459	1.35762	1.89074
0.460	1.35492	1.88755
0.461	1.35214	1.88431
0.462	1.34923	1.88103
0.463	1.34618	1.87772
0.464	1.34295	1.87437
0.465	1.33952	1.87100
0.466	1.33584	1.86762
0.467	1.33189	1.86422
0.468	1.32764	1.86082
0.469	1.32306	1.85742
0.470	1.31812	1.85404
0.471	1.31279	1.85066
0.472	1.30704	1.84731
0.473	1.30085	1.84399
0.474	1.29422	1.84073
0.475	1.28716	1.83756
0.476	1.27966	1.83450
0.477	1.27173	1.83157
0.478	1.26337	1.82879
0.479	1.25458	1.82619
0.480	1.24536	1.82380
0.481	1.23571	1.82164
0.482	1.22563	1.81973
0.483	1.21513	1.81810
0.484	1.20420	1.81676
0.485	1.19285	1.81575
0.486	1.18107	1.81509
0.487	1.16887	1.81480
0.488	1.15624	1.81491
0.489	1.14320	1.81544
0.490	1.12973	1.81642
0.491	1.11585	1.81786
0.492	1.10155	1.81980
0.493	1.08684	1.82225
0.494	1.07170	1.82524
0.495	1.05616	1.82880
0.496	1.04020	1.83295
0.497	1.02383	1.83770
0.498	1.00710	1.84304
0.499	0.99003	1.84896
0.500	0.97269	1.85543
0.501	0.95511	1.86242
0.502	0.93733	1.86992
0.503	0.91940	1.87791
0.504	0.90136	1.88636
0.505	0.88326	1.89526
0.506	0.86513	1.90458
0.507	0.84703	1.91431
0.508	0.82899	1.92441
0.509	0.81106	1.93487
0.510	0.79329	1.94567
0.511	0.77571	1.95679
0.512	0.75837	1.96820
0.513	0.74131	1.97989
0.514	0.72458	1.99183
0.515	0.70822	2.00400
0.516	0.69227	2.01638
0.517	0.67679	2.02896
0.518	0.66180	2.04170
0.519	0.64735	2.05459
0.520	0.63350	2.06760
0.521	0.62027	2.08072
0.522	0.60771	2.09393
0.523	0.59580	2.10721
0.524	0.58452	2.12057
0.525	0.57383	2.13398
0.526	0.56371	2.14746
0.527	0.55414	2.16099
0.528	0.54509	2.17457
0.529	0.53653	2.18818
0.530	0.52844	2.20183
0.531	0.52079	2.21550
0.532	0.51355	2.22920
0.533	0.50670	2.24291
0.534	0.50022	2.25663
0.535	0.49407	2.27035
0.536	0.48823	2.28406
0.537	0.48268	2.29777
0.538	0.47738	2.31146
0.539	0.47232	2.32512
0.540	0.46746	2.33875
0.541	0.46278	2.35235
0.542	0.45826	2.36591
0.543	0.45386	2.37942
0.544	0.44956	2.39287
0.545	0.44534	2.40626
0.546	0.44117	2.41959
0.547	0.43702	2.43284
0.548	0.43287	2.44601
0.549	0.42868	2.45910
0.550	0.42445	2.47210
0.551	0.42018	2.48501
0.552	0.41588	2.49783
0.553	0.41154	2.51058
0.554	0.40717	2.52326
0.555	0.40277	2.53586
0.556	0.39836	2.54839
0.557	0.39393	2.56085
0.558	0.38949	2.57326
0.559	0.38504	2.58560
0.560	0.38059	2.59789
0.561	0.37614	2.61012
0.562	0.37169	2.62231
0.563	0.36725	2.63445
0.564	0.36283	2.64655
0.565	0.35843	2.65861
0.566	0.35405	2.67063
0.567	0.34970	2.68263
0.568	0.34537	2.69459
0.569	0.34109	2.70653
0.570	0.33684	2.71844
0.571	0.33264	2.73034
0.572	0.32849	2.74222
0.573	0.32439	2.75409
0.574	0.32035	2.76595
0.575	0.31637	2.77780
0.576	0.31245	2.78966
0.577	0.30861	2.80151
0.578	0.30484	2.81337
0.579	0.30114	2.82524
0.580	0.29754	2.83712
0.581	0.29402	2.84901
0.582	0.29059	2.86093
0.583	0.28725	2.87286
0.584	0.28401	2.88481
0.585	0.28087	2.89678
0.586	0.27781	2.90877
0.587	0.27483	2.92077
0.588	0.27194	2.93277
0.589	0.26913	2.94478
0.590	0.26639	2.95680
0.591	0.26372	2.96882
0.592	0.26113	2.98083
0.593	0.25860	2.99284
0.594	0.25613	3.00485
0.595	0.25373	3.01684
0.596	0.25138	3.02883
0.597	0.24909	3.04079
0.598	0.24684	3.05274
0.599	0.24465	3.06467
0.600	0.24250	3.07657
0.601	0.24039	3.08845
0.602	0.23833	3.10030
0.603	0.23629	3.11212
0.604	0.23429	3.12391
0.605	0.23232	3.13565
0.606	0.23038	3.14736
0.607	0.22846	3.15903
0.608	0.22656	3.17065
0.609	0.22468	3.18222
0.610	0.22281	3.19374
0.611	0.22095	3.20521
0.612	0.21910	3.21663
0.613	0.21726	3.22798
0.614	0.21542	3.23928
0.615	0.21357	3.25051
0.616	0.21173	3.26167
0.617	0.20987	3.27277
0.618	0.20801	3.28379
0.619	0.20613	3.29474
0.620	0.20425	3.30563
0.621	0.20237	3.31645
0.622	0.20048	3.32720
0.623	0.19858	3.33788
0.624	0.19669	3.34851
0.625	0.19479	3.35907
0.626	0.19290	3.36957
0.627	0.19101	3.38001
0.628	0.18912	3.39039
0.629	0.18724	3.40072
0.630	0.18537	3.41100
0.631	0.18350	3.42122
0.632	0.18164	3.43138
0.633	0.17980	3.44150
0.634	0.17797	3.45157
0.635	0.17615	3.46159
0.636	0.17435	3.47157
0.637	0.17257	3.48150
0.638	0.17080	3.49139
0.639	0.16906	3.50123
0.640	0.16733	3.51104
0.641	0.16563	3.52080
0.642	0.16396	3.53053
0.643	0.16231	3.54022
0.644	0.16069	3.54988
0.645	0.15909	3.55950
0.646	0.15753	3.56909
0.647	0.15599	3.57865
0.648	0.15449	3.58818
0.649	0.15303	3.59769
0.650	0.15160	3.60716
0.651	0.15021	3.61662
0.652	0.14886	3.62605
0.653	0.14754	3.63545
0.654	0.14627	3.64484
0.655	0.14504	3.65421
0.656	0.14386	3.66356
0.657	0.14272	3.67289
0.658	0.14163	3.68221
0.659	0.14059	3.69151
0.660	0.13960	3.70080
0.661	0.13866	3.71008
0.662	0.13777	3.71935
0.663	0.13693	3.72861
0.664	0.13613	3.73786
0.665	0.13538	3.74709
0.666	0.13468	3.75632
0.667	0.13402	3.76553
0.668	0.13340	3.77473
0.669	0.13282	3.78392
0.670	0.13229	3.79309
0.671	0.13179	3.80226
0.672	0.13133	3.81141
0.673	0.13091	3.82056
0.674	0.13052	3.82969
0.675	0.13017	3.83881
0.676	0.12986	3.84792
0.677	0.12957	3.85701
0.678	0.12932	3.86610
0.679	0.12909	3.87517
0.680	0.12890	3.88423
0.681	0.12873	3.89328
0.682	0.12859	3.90231
0.683	0.12847	3.91134
0.684	0.12838	3.92035
0.685	0.12831	3.92935
0.686	0.12827	3.93834
0.687	0.12824	3.94732
0.688	0.12824	3.95628
0.689	0.12825	3.96524
0.690	0.12828	3.97418
0.691	0.12833	3.98311
0.692	0.12839	3.99202
0.693	0.12847	4.00093
0.694	0.12856	4.00982
0.695	0.12866	4.01870
0.696	0.12877	4.02757
0.697	0.12889	4.03643
0.698	0.12902	4.04527
0.699	0.12916	4.05410
0.700	0.12930	4.06292
0.701	0.12945	4.07173
0.702	0.12960	4.08052
0.703	0.12976	4.08930
0.704	0.12991	4.09807
0.705	0.13007	4.10683
0.706	0.13022	4.11557
0.707	0.13038	4.12430
0.708	0.13053	4.13302
0.709	0.13069	4.14173
0.710	0.13085	4.15043
0.711	0.13100	4.15911
0.712	0.13116	4.16779
0.713	0.13131	4.17645
0.714	0.13147	4.18510
0.715	0.13163	4.19374
0.716	0.13179	4.20238
0.717	0.13195	4.21100
0.718	0.13211	4.21961
0.719	0.13227	4.22821
0.720	0.13243	4.23680
0.721	0.13260	4.24538
0.722	0.13276	4.25395
0.723	0.13293	4.26251
0.724	0.13310	4.27106
0.725	0.13327	4.27961
0.726	0.13344	4.28814
0.727	0.13361	4.29667
0.728	0.13379	4.30519
0.729	0.13397	4.31370
0.730	0.13415	4.32220
0.731	0.13433	4.33069
0.732	0.13451	4.33918
0.733	0.13470	4.34766
0.734	0.13489	4.35613
0.735	0.13509	4.36459
0.736	0.13528	4.37305
0.737	0.13548	4.38150
0.738	0.13568	4.38995
0.739	0.13589	4.39838
0.740	0.13610	4.40681
0.741	0.13631	4.41524
0.742	0.13652	4.42366
0.743	0.13674	4.43207
0.744	0.13697	4.44048
0.745	0.13719	4.44889
0.746	0.13742	4.45729
0.747	0.13766	4.46568
0.748	0.13790	4.47407
0.749	0.13814	4.48245
0.750	0.13839	4.49083
0.751	0.13864	4.49921
0.752	0.13889	4.50758
0.753	0.13916	4.51595
0.754	0.13942	4.52431
0.755	0.13969	4.53267
0.756	0.13997	4.54103
0.757	0.14025	4.54938
0.758	0.14053	4.55774
0.759	0.14082	4.56608
0.760	0.14112	4.57443
0.761	0.14142	4.58277
0.762	0.14172	4.59111
0.763	0.14203	4.59945
0.764	0.14234	4.60779
0.765	0.14265	4.61612
0.766	0.14297	4.62445
0.767	0.14329	4.63278
0.768	0.14362	4.64110
0.769	0.14394	4.64943
0.770	0.14427	4.65775
0.771	0.14461	4.66607
0.772	0.14494	4.67438
0.773	0.14528	4.68270
0.774	0.14561	4.69101
0.775	0.14595	4.69933
0.776	0.14629	4.70764
0.777	0.14664	4.71595
0.778	0.14698	4.72425
0.779	0.14732	4.73256
0.780	0.14767	4.74086
0.781	0.14801	4.74917
0.782	0.14836	4.75747
0.783	0.14870	4.76577
0.784	0.14905	4.77407
0.785	0.14939	4.78237
0.786	0.14974	4.79067
0.787	0.15008	4.79897
0.788	0.15043	4.80727
0.789	0.15077	4.81557
0.790	0.15111	4.82386
0.791	0.15145	4.83216
0.792	0.15178	4.84045
0.793	0.15212	4.84875
0.794	0.15245	4.85705
0.795	0.15278	4.86534
0.796	0.15311	4.87364
0.797	0.15344	4.88193
0.798	0.15376	4.89023
0.799	0.15408	4.89852
0.800	0.15440	4.90682
0.801	0.15471	4.91511
0.802	0.15502	4.92341
0.803	0.15533	4.93171
0.804	0.15563	4.94001
0.805	0.15593	4.94830
0.806	0.15622	4.95660
0.807	0.15651	4.96490
0.808	0.15679	4.97320
0.809	0.15707	4.98151
0.810	0.15735	4.98981
0.811	0.15761	4.99811
0.812	0.15788	5.00642
0.813	0.15813	5.01473
0.814	0.15838	5.02303
0.815	0.15863	5.03134
0.816	0.15887	5.03965
0.817	0.15910	5.04797
0.818	0.15932	5.05628
0.819	0.15954	5.06460
0.820	0.15975	5.07291
0.821	0.15996	5.08123
0.822	0.16015	5.08956
0.823	0.16034	5.09788
0.824	0.16052	5.10620
0.825	0.16070	5.11453
0.826	0.16087	5.12286
0.827	0.16103	5.13119
0.828	0.16119	5.13952
0.829	0.16134	5.14784
0.830	0.16148	5.15617
0.831	0.16162	5.16450
0.832	0.16175	5.17283
0.833	0.16188	5.18116
0.834	0.16201	5.18949
0.835	0.16213	5.19781
0.836	0.16224	5.20614
0.837	0.16236	5.21446
0.838	0.16246	5.22278
0.839	0.16257	5.23110
0.840	0.16267	5.23941
0.841	0.16277	5.24773
0.842	0.16287	5.25604
0.843	0.16296	5.26434
0.844	0.16306	5.27265
0.845	0.16315	5.28095
0.846	0.16324	5.28924
0.847	0.16332	5.29753
0.848	0.16341	5.30582
0.849	0.16350	5.31410
0.850	0.16358	5.32238
0.851	0.16367	5.33065
0.852	0.16375	5.33892
0.853	0.16384	5.34718
0.854	0.16392	5.35543
0.855	0.16401	5.36368
0.856	0.16409	5.37192
0.857	0.16418	5.38016
0.858	0.16427	5.38839
0.859	0.16436	5.39661
0.860	0.16446	5.40482
0.861	0.16455	5.41302
0.862	0.16465	5.42122
0.863	0.16475	5.42941
0.864	0.16485	5.43759
0.865	0.16496	5.44576
0.866	0.16507	5.45393
0.867	0.16518	5.46208
0.868	0.16530	5.47022
0.869	0.16542	5.47836
0.870	0.16555	5.48648
0.871	0.16568	5.49459
0.872	0.16582	5.50270
0.873	0.16596	5.51079
0.874	0.16611	5.51887
0.875	0.16626	5.52694
0.876	0.16642	5.53500
0.877	0.16658	5.54305
0.878	0.16675	5.55108
0.879	0.16693	5.55910
0.880	0.16712	5.56711
0.881	0.16731	5.57511
0.882	0.16751	5.58309
0.883	0.16771	5.59106
0.884	0.16793	5.59902
0.885	0.16815	5.60696
0.886	0.16838	5.61489
0.887	0.16863	5.62280
0.888	0.16888	5.63070
0.889	0.16913	5.63859
0.890	0.16940	5.64646
0.891	0.16968	5.65431
0.892	0.16997	5.66215
0.893	0.17027	5.66998
0.894	0.17057	5.67778
0.895	0.17089	5.68557
0.896	0.17122	5.69335
0.897	0.17156	5.70111
0.898	0.17191	5.70886
0.899	0.17226	5.71659
0.900	0.17263	5.72431
0.901	0.17300	5.73202
0.902	0.17339	5.73971
0.903	0.17378	5.74739
0.904	0.17418	5.75505
0.905	0.17459	5.76270
0.906	0.17501	5.77034
0.907	0.17543	5.77797
0.908	0.17587	5.78559
0.909	0.17631	5.79319
0.910	0.17676	5.80078
0.911	0.17721	5.80836
0.912	0.17768	5.81593
0.913	0.17815	5.82349
0.914	0.17862	5.83104
0.915	0.17911	5.83858
0.916	0.17960	5.84611
0.917	0.18010	5.85363
0.918	0.18060	5.86113
0.919	0.18111	5.86863
0.920	0.18163	5.87613
0.921	0.18215	5.88361
0.922	0.18268	5.89108
0.923	0.18321	5.89855
0.924	0.18375	5.90601
0.925	0.18429	5.91346
0.926	0.18484	5.92090
0.927	0.18539	5.92834
0.928	0.18595	5.93577
0.929	0.18651	5.94319
0.930	0.18708	5.95060
0.931	0.18765	5.95801
0.932	0.18823	5.96542
0.933	0.18881	5.97282
0.934	0.18939	5.98021
0.935	0.18998	5.98760
0.936	0.19057	5.99498
0.937	0.19116	6.00236
0.938	0.19176	6.00974
0.939	0.19236	6.01711
0.940	0.19296	6.02448
0.941	0.19357	6.03184
0.942	0.19418	6.03920
0.943	0.19479	6.04656
0.944	0.19540	6.05391
0.945	0.19602	6.06126
0.946	0.19663	6.06861
0.947	0.19725	6.07596
0.948	0.19787	6.08331
0.949	0.19849	6.09065
0.950	0.19912	6.09800
0.951	0.19974	6.10534
0.952	0.20036	6.11268
0.953	0.20099	6.12003
0.954	0.20162	6.12737
0.955	0.20224	6.13471
0.956	0.20287	6.14205
0.957	0.20350	6.14940
0.958	0.20412	6.15674
0.959	0.20475	6.16409
0.960	0.20538	6.17143
0.961	0.20600	6.17878
0.962	0.20663	6.18613
0.963	0.20725	6.19349
0.964	0.20788	6.20084
0.965	0.20850	6.20820
0.966	0.20912	6.21556
0.967	0.20974	6.22293
0.968	0.21036	6.23029
0.969	0.21098	6.23767
0.970	0.21159	6.24504
0.971	0.21221	6.25242
0.972	0.21282	6.25981
0.973	0.21342	6.26720
0.974	0.21403	6.27459
0.975	0.21463	6.28199
0.976	0.21523	6.28940
0.977	0.21583	6.29681
0.978	0.21642	6.30422
0.979	0.21702	6.31165
0.980	0.21760	6.31908
0.981	0.21819	6.32652
0.982	0.21877	6.33396
0.983	0.21934	6.34141
0.984	0.21991	6.34887
0.985	0.22048	6.35634
0.986	0.22104	6.36381
0.987	0.22160	6.37130
0.988	0.22216	6.37879
0.989	0.22271	6.38629
0.990	0.22326	6.39379
0.991	0.22380	6.40131
0.992	0.22434	6.40883
0.993	0.22488	6.41636
0.994	0.22541	6.42389
0.995	0.22594	6.43143
0.996	0.22646	6.43898
0.997	0.22698	6.44654
0.998	0.22750	6.45410
0.999	0.22802	6.46167
1.000	0.22853	6.46925
1.001	0.22904	6.47684
1.002	0.22954	6.48443
1.003	0.23005	6.49202
1.004	0.23055	6.49962
1.005	0.23105	6.50723
1.006	0.23154	6.51485
1.007	0.23203	6.52247
1.008	0.23252	6.53010
1.009	0.23301	6.53773
1.010	0.23349	6.54537
1.011	0.23398	6.55301
1.012	0.23446	6.56066
1.013	0.23493	6.56832
1.014	0.23541	6.57598
1.015	0.23588	6.58365
1.016	0.23636	6.59132
1.017	0.23683	6.59900
1.018	0.23729	6.60668
1.019	0.23776	6.61437
1.020	0.23823	6.62206
1.021	0.23869	6.62976
1.022	0.23915	6.63746
1.023	0.23961	6.64517
1.024	0.24007	6.65288
1.025	0.24053	6.66059
1.026	0.24098	6.66831
1.027	0.24144	6.67604
1.028	0.24189	6.68377
1.029	0.24235	6.69150
1.030	0.24280	6.69924
1.031	0.24325	6.70698
1.032	0.24370	6.71472
1.033	0.24415	6.72247
1.034	0.24460	6.73022
1.035	0.24505	6.73798
1.036	0.24550	6.74574
1.037	0.24595	6.75350
1.038	0.24640	6.76127
1.039	0.24685	6.76904
1.040	0.24729	6.77681
1.041	0.24774	6.78459
1.042	0.24819	6.79237
1.043	0.24864	6.80015
1.044	0.24909	6.80793
1.045	0.24953	6.81572
1.046	0.24998	6.82351
1.047	0.25043	6.83131
1.048	0.25088	6.83910
1.049	0.25133	6.84690
1.050	0.25178	6.85470
1.051	0.25223	6.86250
1.052	0.25269	6.87031
1.053	0.25314	6.87811
1.054	0.25359	6.88592
1.055	0.25405	6.89373
1.056	0.25451	6.90155
1.057	0.25496	6.90936
1.058	0.25542	6.91718
1.059	0.25588	6.92499
1.060	0.25634	6.93281
1.061	0.25681	6.94063
1.062	0.25727	6.94845
1.063	0.25774	6.95628
1.064	0.25820	6.96410
1.065	0.25867	6.97193
1.066	0.25914	6.97975
1.067	0.25962	6.98758
1.068	0.26009	6.99541
1.069	0.26057	7.00323
1.070	0.26105	7.01106
1.071	0.26153	7.01889
1.072	0.26202	7.02672
1.073	0.26250	7.03455
1.074	0.26299	7.04238
1.075	0.26348	7.05021
1.076	0.26398	7.05804
1.077	0.26447	7.06588
1.078	0.26497	7.07371
1.079	0.26547	7.08154
1.080	0.26598	7.08937
1.081	0.26649	7.09720
1.082	0.26700	7.10503
1.083	0.26751	7.11285
1.084	0.26803	7.12068
1.085	0.26855	7.12851
1.086	0.26908	7.13634
1.087	0.26960	7.14416
1.088	0.27014	7.15199
1.089	0.27067	7.15981
1.090	0.27121	7.16763
1.091	0.27175	7.17546
1.092	0.27230	7.18328
1.093	0.27284	7.19110
1.094	0.27340	7.19892
1.095	0.27395	7.20673
1.096	0.27451	7.21455
1.097	0.27507	7.22237
1.098	0.27564	7.23018
1.099	0.27620	7.23799
1.100	0.27677	7.24581
1.101	0.27735	7.25362
1.102	0.27792	7.26143
1.103	0.27850	7.26924
1.104	0.27909	7.27705
1.105	0.27967	7.28486
1.106	0.28026	7.29267
1.107	0.28085	7.30047
1.108	0.28144	7.30828
1.109	0.28204	7.31608
1.110	0.28264	7.32389
1.111	0.28324	7.33169
1.112	0.28384	7.33949
1.113	0.28445	7.34729
1.114	0.28505	7.35509
1.115	0.28566	7.36289
1.116	0.28628	7.37069
1.117	0.28689	7.37849
1.118	0.28751	7.38628
1.119	0.28812	7.39408
1.120	0.28875	7.40188
1.121	0.28937	7.40967
1.122	0.28999	7.41746
1.123	0.29062	7.42526
1.124	0.29125	7.43305
1.125	0.29188	7.44084
1.126	0.29251	7.44863
1.127	0.29314	7.45642
1.128	0.29378	7.46421
1.129	0.29441	7.47199
1.130	0.29505	7.47978
1.131	0.29569	7.48757
1.132	0.29633	7.49535
1.133	0.29697	7.50314
1.134	0.29762	7.51092
1.135	0.29826	7.51870
1.136	0.29891	7.52649
1.137	0.29956	7.53427
1.138	0.30021	7.54205
1.139	0.30085	7.54983
1.140	0.30151	7.55761
1.141	0.30216	7.56539
1.142	0.30281	7.57317
1.143	0.30346	7.58094
1.144	0.30412	7.58872
1.145	0.30477	7.59650
1.146	0.30543	7.60427
1.147	0.30608	7.61205
1.148	0.30674	7.61982
1.149	0.30740	7.62759
1.150	0.30806	7.63537
1.151	0.30872	7.64314
1.152	0.30937	7.65091
1.153	0.31003	7.65868
1.154	0.31069	7.66645
1.155	0.31135	7.67422
1.156	0.31201	7.68199
1.157	0.31267	7.68976
1.158	0.31333	7.69752
1.159	0.31400	7.70529
1.160	0.31466	7.71306
1.161	0.31532	7.72082
1.162	0.31598	7.72859
1.163	0.31664	7.73635
1.164	0.31730	7.74412
1.165	0.31796	7.75188
1.166	0.31862	7.75964
1.167	0.31928	7.76741
1.168	0.31994	7.77517
1.169	0.32060	7.78293
1.170	0.32125	7.79069
1.171	0.32191	7.79845
1.172	0.32257	7.80621
1.173	0.32322	7.81397
1.174	0.32388	7.82173
1.175	0.32454	7.82948
1.176	0.32519	7.83724
1.177	0.32584	7.84500
1.178	0.32650	7.85276
1.179	0.32715	7.86051
1.180	0.32780	7.86827
1.181	0.32845	7.87602
1.182	0.32910	7.88378
1.183	0.32974	7.89153
1.184	0.33039	7.89929
1.185	0.33104	7.90704
1.186	0.33168	7.91479
1.187	0.33232	7.92254
1.188	0.33296	7.93030
1.189	0.33360	7.93805
1.190	0.33424	7.94580
1.191	0.33488	7.95355
1.192	0.33552	7.96130
1.193	0.33615	7.96905
1.194	0.33678	7.97680
1.195	0.33741	7.98455
1.196	0.33804	7.99230
1.197	0.33867	8.00004
1.198	0.33929	8.00779
1.199	0.33991	8.01554
1.200	0.34054	8.02329
1.201	0.34115	8.03103
1.202	0.34177	8.03878
1.203	0.34239	8.04653
1.204	0.34300	8.05427
1.205	0.34361	8.06202
1.206	0.34422	8.06976
1.207	0.34482	8.07751
1.208	0.34543	8.08525
1.209	0.34603	8.09300
1.210	0.34663	8.10074
1.211	0.34722	8.10848
1.212	0.34782	8.11623
1.213	0.34841	8.12397
1.214	0.34900	8.13171
1.215	0.34958	8.13946
1.216	0.35017	8.14720
1.217	0.35075	8.15494
1.218	0.35132	8.16268
1.219	0.35190	8.17042
1.220	0.35247	8.17816
1.221	0.35304	8.18591
1.222	0.35360	8.19365
1.223	0.35417	8.20139
1.224	0.35473	8.20913
1.225	0.35529	8.21687
1.226	0.35584	8.22461
1.227	0.35640	8.23235
1.228	0.35695	8.24009
1.229	0.35750	8.24782
1.230	0.35804	8.25556
1.231	0.35859	8.26330
1.232	0.35913	8.27104
1.233	0.35967	8.27878
1.234	0.36020	8.28652
1.235	0.36074	8.29425
1.236	0.36127	8.30199
1.237	0.36180	8.30973
1.238	0.36232	8.31747
1.239	0.36285	8.32520
1.240	0.36337	8.33294
1.241	0.36389	8.34068
1.242	0.36441	8.34841
1.243	0.36492	8.35615
1.244	0.36544	8.36389
1.245	0.36595	8.37162
1.246	0.36646	8.37936
1.247	0.36696	8.38709
1.248	0.36747	8.39483
1.249	0.36797	8.40257
1.250	0.36847	8.41030
1.251	0.36897	8.41804
1.252	0.36947	8.42577
1.253	0.36996	8.43351
1.254	0.37045	8.44124
1.255	0.37094	8.44898
1.256	0.37143	8.45671
1.257	0.37192	8.46444
1.258	0.37240	8.47218
1.259	0.37289	8.47991
1.260	0.37337	8.48765
1.261	0.37385	8.49538
1.262	0.37433	8.50311
1.263	0.37480	8.51085
1.264	0.37528	8.51858
1.265	0.37575	8.52632
1.266	0.37622	8.53405
1.267	0.37669	8.54178
1.268	0.37715	8.54952
1.269	0.37762	8.55725
1.270	0.37808	8.56498
1.271	0.37855	8.57271
1.272	0.37901	8.58045
1.273	0.37947	8.58818
1.274	0.37992	8.59591
1.275	0.38038	8.60365
1.276	0.38084	8.61138
1.277	0.38129	8.61911
1.278	0.38174	8.62684
1.279	0.38219	8.63458
1.280	0.38264	8.64231
1.281	0.38309	8.65004
1.282	0.38354	8.65778
1.283	0.38398	8.66551
1.284	0.38442	8.67324
1.285	0.38487	8.68097
1.286	0.38531	8.68871
1.287	0.38575	8.69644
1.288	0.38619	8.70417
1.289	0.38662	8.71190
1.290	0.38706	8.71964
1.291	0.38750	8.72737
1.292	0.38793	8.73510
1.293	0.38836	8.74283
1.294	0.38879	8.75057
1.295	0.38923	8.75830
1.296	0.38966	8.76603
1.297	0.39008	8.77376
1.298	0.39051	8.78150
1.299	0.39094	8.78923
1.300	0.39136	8.79696
1.301	0.39179	8.80469
1.302	0.39221	8.81243
1.303	0.39264	8.82016
1.304	0.39306	8.82789
1.305	0.39348	8.83562
1.306	0.39390	8.84336
1.307	0.39432	8.85109
1.308	0.39474	8.85882
1.309	0.39516	8.86656
1.310	0.39558	8.87429
1.311	0.39599	8.88202
1.312	0.39641	8.88976
1.313	0.39683	8.89749
1.314	0.39724	8.90522
1.315	0.39765	8.91296
1.316	0.39807	8.92069
1.317	0.39848	8.92842
1.318	0.39889	8.93616
1.319	0.39931	8.94389
1.320	0.39972	8.95163
1.321	0.40013	8.95936
1.322	0.40054	8.96709
1.323	0.40095	8.97483
1.324	0.40136	8.98256
1.325	0.40177	8.99030
1.326	0.40218	8.99803
1.327	0.40259	9.00577
1.328	0.40299	9.01350
1.329	0.40340	9.02124
1.330	0.40381	9.02897
1.331	0.40422	9.03671
1.332	0.40462	9.04444
1.333	0.40503	9.05218
1.334	0.40544	9.05991
1.335	0.40584	9.06765
1.336	0.40625	9.07539
1.337	0.40666	9.08312
1.338	0.40706	9.09086
1.339	0.40747	9.09860
1.340	0.40787	9.10633
1.341	0.40828	9.11407
1.342	0.40869	9.12181
1.343	0.40909	9.12954
1.344	0.40950	9.13728
1.345	0.40990	9.14502
1.346	0.41031	9.15276
1.347	0.41072	9.16050
1.348	0.41112	9.16823
1.349	0.41153	9.17597
1.350	0.41193	9.18371
1.351	0.41234	9.19145
1.352	0.41275	9.19919
1.353	0.41316	9.20693
1.354	0.41356	9.21467
1.355	0.41397	9.22241
1.356	0.41438	9.23015
1.357	0.41479	9.23789
1.358	0.41519	9.24563
1.359	0.41560	9.25337
1.360	0.41601	9.26111
1.361	0.41642	9.26885
1.362	0.41683	9.27660
1.363	0.41724	9.28434
1.364	0.41765	9.29208
1.365	0.41807	9.29982
1.366	0.41848	9.30757
1.367	0.41889	9.31531
1.368	0.41930	9.32305
1.369	0.41972	9.33079
1.370	0.42013	9.33854
1.371	0.42055	9.34628
1.372	0.42096	9.35403
1.373	0.42138	9.36177
1.374	0.42179	9.36952
1.375	0.42221	9.37726
1.376	0.42263	9.38501
1.377	0.42305	9.39275
1.378	0.42347	9.40050
1.379	0.42389	9.40825
1.380	0.42431	9.41599
1.381	0.42473	9.42374
1.382	0.42516	9.43149
1.383	0.42558	9.43924
1.384	0.42600	9.44698
1.385	0.42643	9.45473
1.386	0.42686	9.46248
1.387	0.42728	9.47023
1.388	0.42771	9.47798
1.389	0.42814	9.48573
1.390	0.42857	9.49348
1.391	0.42901	9.50123
1.392	0.42944	9.50898
1.393	0.42987	9.51673
1.394	0.43031	9.52448
1.395	0.43074	9.53224
1.396	0.43118	9.53999
1.397	0.43162	9.54774
1.398	0.43206	9.55549
1.399	0.43250	9.56325
1.400	0.43294	9.57100
1.401	0.43339	9.57876
1.402	0.43383	9.58651
1.403	0.43428	9.59426
1.404	0.43472	9.60202
1.405	0.43517	9.60978
1.406	0.43562	9.61753
1.407	0.43607	9.62529
1.408	0.43652	9.63304
1.409	0.43697	9.64080
1.410	0.43743	9.64856
1.411	0.43788	9.65632
1.412	0.43834	9.66408
1.413	0.43880	9.67183
1.414	0.43926	9.67959
1.415	0.43972	9.68735
1.416	0.44018	9.69511
1.417	0.44064	9.70287
1.418	0.44110	9.71063
1.419	0.44157	9.71839
1.420	0.44204	9.72615
1.421	0.44250	9.73392
1.422	0.44297	9.74168
1.423	0.44344	9.74944
1.424	0.44391	9.75720
1.425	0.44439	9.76496
1.426	0.44486	9.77273
1.427	0.44534	9.78049
1.428	0.44581	9.78826
1.429	0.44629	9.79602
1.430	0.44677	9.80378
1.431	0.44725	9.81155
1.432	0.44773	9.81931
1.433	0.44822	9.82708
1.434	0.44870	9.83485
1.435	0.44919	9.84261
1.436	0.44967	9.85038
1.437	0.45016	9.85815
1.438	0.45065	9.86591
1.439	0.45114	9.87368
1.440	0.45164	9.88145
1.441	0.45213	9.88922
1.442	0.45263	9.89699
1.443	0.45312	9.90476
1.444	0.45362	9.91252
1.445	0.45412	9.92029
1.446	0.45462	9.92806
1.447	0.45512	9.93584
1.448	0.45563	9.94361
1.449	0.45613	9.95138
1.450	0.45664	9.95915
1.451	0.45715	9.96692
1.452	0.45766	9.97469
1.453	0.45817	9.98247
1.454	0.45868	9.99024
1.455	0.45920	9.99801
1.456	0.45971	10.00578
1.457	0.46023	10.01356
1.458	0.46075	10.02133
1.459	0.46127	10.02911
1.460	0.46179	10.03688
1.461	0.46231	10.04466
1.462	0.46283	10.05243
1.463	0.46336	10.06021
1.464	0.46389	10.06799
1.465	0.46442	10.07576
1.466	0.46495	10.08354
1.467	0.46548	10.09132
1.468	0.46601	10.09909
1.469	0.46655	10.10687
1.470	0.46708	10.11465
1.471	0.46762	10.12243
1.472	0.46816	10.13021
1.473	0.46870	10.13799
1.474	0.46924	10.14577
1.475	0.46979	10.15355
1.476	0.47033	10.16133
1.477	0.47088	10.16911
1.478	0.47143	10.17689
1.479	0.47198	10.18467
1.480	0.47253	10.19245
1.481	0.47308	10.20023
1.482	0.47364	10.20801
1.483	0.47420	10.21580
1.484	0.47475	10.22358
1.485	0.47531	10.23136
1.486	0.47588	10.23915
1.487	0.47644	10.24693
1.488	0.47700	10.25471
1.489	0.47757	10.26250
1.490	0.47814	10.27028
1.491	0.47871	10.27807
1.492	0.47928	10.28585
1.493	0.47985	10.29364
1.494	0.48043	10.30143
1.495	0.48100	10.30921
1.496	0.48158	10.31700
1.497	0.48216	10.32479
1.498	0.48274	10.33257
1.499	0.48332	10.34036
1.500	0.48391	10.34815
1.501	0.48449	10.35594
1.502	0.48508	10.36373
1.503	0.48567	10.37151
1.504	0.48626	10.37930
1.505	0.48686	10.38709
1.506	0.48745	10.39488
1.507	0.48805	10.40267
1.508	0.48864	10.41046
1.509	0.48924	10.41825
1.510	0.48985	10.42605
1.511	0.49045	10.43384
1.512	0.49105	10.44163
1.513	0.49166	10.44942
1.514	0.49227	10.45721
1.515	0.49288	10.46501
1.516	0.49349	10.47280
1.517	0.49411	10.48059
1.518	0.49472	10.48839
1.519	0.49534	10.49618
1.520	0.49596	10.50397
1.521	0.49658	10.51177
1.522	0.49720	10.51956
1.523	0.49783	10.52736
1.524	0.49845	10.53515
1.525	0.49908	10.54295
1.526	0.49971	10.55074
1.527	0.50034	10.55854
1.528	0.50098	10.56634
1.529	0.50161	10.57413
1.530	0.50225	10.58193
1.531	0.50289	10.58973
1.532	0.50353	10.59753
1.533	0.50417	10.60533
1.534	0.50482	10.61312
1.535	0.50547	10.62092
1.536	0.50611	10.62872
1.537	0.50676	10.63652
1.538	0.50742	10.64432
1.539	0.50807	10.65212
1.540	0.50873	10.65992
1.541	0.50938	10.66772
1.542	0.51004	10.67552
1.543	0.51071	10.68332
1.544	0.51137	10.69112
1.545	0.51204	10.69893
1.546	0.51270	10.70673
1.547	0.51337	10.71453
1.548	0.51404	10.72233
1.549	0.51472	10.73014
1.550	0.51539	10.73794
1.551	0.51607	10.74574
1.552	0.51675	10.75355
1.553	0.51743	10.76135
1.554	0.51811	10.76915
1.555	0.51880	10.77696
1.556	0.51948	10.78476
1.557	0.52017	10.79257
1.558	0.52086	10.80037
1.559	0.52156	10.80818
1.560	0.52225	10.81599
1.561	0.52295	10.82379
1.562	0.52365	10.83160
1.563	0.52435	10.83941
1.564	0.52505	10.84721
1.565	0.52576	10.85502
1.566	0.52646	10.86283
1.567	0.52717	10.87064
1.568	0.52788	10.87845
1.569	0.52860	10.88625
1.570	0.52931	10.89406
1.571	0.53003	10.90187
1.572	0.53075	10.90968
1.573	0.53147	10.91749
1.574	0.53219	10.92530
1.575	0.53292	10.93311
1.576	0.53365	10.94092
1.577	0.53438	10.94873
1.578	0.53511	10.95654
1.579	0.53584	10.96436
1.580	0.53658	10.97217
1.581	0.53732	10.97998
1.582	0.53806	10.98779
1.583	0.53880	10.99560
1.584	0.53954	11.00342
1.585	0.54029	11.01123
1.586	0.54104	11.01904
1.587	0.54179	11.02686
1.588	0.54254	11.03467
1.589	0.54330	11.04248
1.590	0.54405	11.05030
1.591	0.54481	11.05811
1.592	0.54557	11.06593
1.593	0.54634	11.07374
1.594	0.54710	11.08156
1.595	0.54787	11.08938
1.596	0.54864	11.09719
1.597	0.54941	11.10501
1.598	0.55019	11.11282
1.599	0.55096	11.12064
1.600	0.55174	11.12846
1.601	0.55253	11.13628
1.602	0.55331	11.14409
1.603	0.55409	11.15191
1.604	0.55488	11.15973
1.605	0.55567	11.16755
1.606	0.55646	11.17537
1.607	0.55726	11.18319
1.608	0.55806	11.19101
1.609	0.55885	11.19882
1.610	0.55966	11.20664
1.611	0.56046	11.21446
1.612	0.56126	11.22228
1.613	0.56207	11.23011
1.614	0.56288	11.23793
1.615	0.56370	11.24575
1.616	0.56451	11.25357
1.617	0.56533	11.26139
1.618	0.56615	11.26921
1.619	0.56697	11.27703
1.620	0.56779	11.28486
1.621	0.56862	11.29268
1.622	0.56945	11.30050
1.623	0.57028	11.30833
1.624	0.57111	11.31615
1.625	0.57194	11.32397
1.626	0.57278	11.33180
1.627	0.57362	11.33962
1.628	0.57446	11.34745
1.629	0.57530	11.35527
1.630	0.57615	11.36309
1.631	0.57700	11.37092
1.632	0.57785	11.37875
1.633	0.57870	11.38657
1.634	0.57955	11.39440
1.635	0.58041	11.40222
1.636	0.58127	11.41005
1.637	0.58213	11.41788
1.638	0.58299	11.42570
1.639	0.58386	11.43353
1.640	0.58473	11.44136
1.641	0.58560	11.44919
1.642	0.58647	11.45701
1.643	0.58734	11.46484
1.644	0.58822	11.47267
1.645	0.58910	11.48050
1.646	0.58998	11.48833
1.647	0.59086	11.49616
1.648	0.59174	11.50399
1.649	0.59263	11.51182
1.650	0.59352	11.51965
1.651	0.59441	11.52748
1.652	0.59530	11.53531
1.653	0.59620	11.54314
1.654	0.59709	11.55097
1.655	0.59799	11.55880
1.656	0.59889	11.56663
1.657	0.59980	11.57446
1.658	0.60070	11.58230
1.659	0.60161	11.59013
1.660	0.60252	11.59796
1.661	0.60343	11.60579
1.662	0.60434	11.61363
1.663	0.60526	11.62146
1.664	0.60618	11.62929
1.665	0.60710	11.63713
1.666	0.60802	11.64496
1.667	0.60894	11.65279
1.668	0.60987	11.66063
1.669	0.61079	11.66846
1.670	0.61172	11.67630
1.671	0.61266	11.68413
1.672	0.61359	11.69197
1.673	0.61453	11.69980
1.674	0.61546	11.70764
1.675	0.61640	11.71548
1.676	0.61735	11.72331
1.677	0.61829	11.73115
1.678	0.61923	11.73899
1.679	0.62018	11.74682
1.680	0.62113	11.75466
1.681	0.62208	11.76250
1.682	0.62304	11.77034
1.683	0.62399	11.77817
1.684	0.62495	11.78601
1.685	0.62591	11.79385
1.686	0.62687	11.80169
1.687	0.62784	11.80953
1.688	0.62880	11.81737
1.689	0.62977	11.82521
1.690	0.63074	11.83305
1.691	0.63171	11.84089
1.692	0.63268	11.84873
1.693	0.63366	11.85657
1.694	0.63464	11.86441
1.695	0.63561	11.87225
1.696	0.63660	11.88009
1.697	0.63758	11.88793
1.698	0.63856	11.89577
1.699	0.63955	11.90361
1.700	0.64054	11.91145
1.701	0.64153	11.91930
1.702	0.64252	11.92714
1.703	0.64352	11.93498
1.704	0.64451	11.94282
1.705	0.64551	11.95067
1.706	0.64651	11.95851
1.707	0.64751	11.96635
1.708	0.64851	11.97420
1.709	0.64952	11.98204
1.710	0.65053	11.98989
1.711	0.65154	11.99773
1.712	0.65255	12.00558
1.713	0.65356	12.01342
1.714	0.65458	12.02127
1.715	0.65559	12.02911
1.716	0.65661	12.03696
1.717	0.65763	12.04480
1.718	0.65865	12.05265
1.719	0.65968	12.06049
1.720	0.66070	12.06834
1.721	0.66173	12.07619
1.722	0.66276	12.08403
1.723	0.66379	12.09188
1.724	0.66482	12.09973
1.725	0.66586	12.10758
1.726	0.66689	12.11542
1.727	0.66793	12.12327
1.728	0.66897	12.13112
1.729	0.67002	12.13897
1.730	0.67106	12.14682
1.731	0.67210	12.15467
1.732	0.67315	12.16252
1.733	0.67420	12.17037
1.734	0.67525	12.17821
1.735	0.67630	12.18606
1.736	0.67736	12.19391
1.737	0.67841	12.20176
1.738	0.67947	12.20962
1.739	0.68053	12.21747
1.740	0.68159	12.22532
1.741	0.68266	12.23317
1.742	0.68372	12.24102
1.743	0.68479	12.24887
1.744	0.68585	12.25672
1.745	0.68692	12.26457
1.746	0.68800	12.27243
1.747	0.68907	12.28028
1.748	0.69014	12.28813
1.749	0.69122	12.29598
1.750	0.69230	12.30384
1.751	0.69338	12.31169
1.752	0.69446	12.31954
1.753	0.69555	12.32740
1.754	0.69663	12.33525
1.755	0.69772	12.34310
1.756	0.69881	12.35096
1.757	0.69990	12.35881
1.758	0.70099	12.36667
1.759	0.70208	12.37452
1.760	0.70318	12.38238
1.761	0.70427	12.39023
1.762	0.70537	12.39809
1.763	0.70647	12.40594
1.764	0.70757	12.41380
1.765	0.70868	12.42166
1.766	0.70978	12.42951
1.767	0.71089	12.43737
1.768	0.71200	12.44523
1.769	0.71311	12.45308
1.770	0.71422	12.46094
1.771	0.71533	12.46880
1.772	0.71645	12.47666
1.773	0.71756	12.48451
1.774	0.71868	12.49237
1.775	0.71980	12.50023
1.776	0.72092	12.50809
1.777	0.72204	12.51595
1.778	0.72317	12.52381
1.779	0.72429	12.53166
1.780	0.72542	12.53952
1.781	0.72655	12.54738
1.782	0.72768	12.55524
1.783	0.72881	12.56310
1.784	0.72995	12.57096
1.785	0.73108	12.57882
1.786	0.73222	12.58668
1.787	0.73336	12.59454
1.788	0.73450	12.60240
1.789	0.73564	12.61027
1.790	0.73678	12.61813
1.791	0.73792	12.62599
1.792	0.73907	12.63385
1.793	0.74022	12.64171
1.794	0.74137	12.64957
1.795	0.74252	12.65744
1.796	0.74367	12.66530
1.797	0.74482	12.67316
1.798	0.74598	12.68102
1.799	0.74713	12.68889
1.800	0.74829	12.69675
1.801	0.74945	12.70461
1.802	0.75061	12.71248
1.803	0.75178	12.72034
1.804	0.75294	12.72820
1.805	0.75411	12.73607
1.806	0.75527	12.74393
1.807	0.75644	12.75180
1.808	0.75761	12.75966
1.809	0.75878	12.76753
1.810	0.75995	12.77539
1.811	0.76113	12.78326
1.812	0.76230	12.79112
1.813	0.76348	12.79899
1.814	0.76466	12.80685
1.815	0.76584	12.81472
1.816	0.76702	12.82259
1.817	0.76820	12.83045
1.818	0.76939	12.83832
1.819	0.77057	12.84619
1.820	0.77176	12.85405
1.821	0.77295	12.86192
1.822	0.77414	12.86979
1.823	0.77533	12.87765
1.824	0.77652	12.88552
1.825	0.77772	12.89339
1.826	0.77891	12.90126
1.827	0.78011	12.90913
1.828	0.78131	12.91699
1.829	0.78251	12.92486
1.830	0.78371	12.93273
1.831	0.78491	12.94060
1.832	0.78611	12.94847
1.833	0.78732	12.95634
1.834	0.78853	12.96421
1.835	0.78973	12.97208
1.836	0.79094	12.97995
1.837	0.79215	12.98782
1.838	0.79336	12.99569
1.839	0.79458	13.00356
1.840	0.79579	13.01143
1.841	0.79701	13.01930
1.842	0.79822	13.02717
1.843	0.79944	13.03504
1.844	0.80066	13.04291
1.845	0.80188	13.05079
1.846	0.80311	13.05866
1.847	0.80433	13.06653
1.848	0.80555	13.07440
1.849	0.80678	13.08227
1.850	0.80801	13.09015
1.851	0.80924	13.09802
1.852	0.81047	13.10589
1.853	0.81170	13.11376
1.854	0.81293	13.12164
1.855	0.81417	13.12951
1.856	0.81540	13.13738
1.857	0.81664	13.14526
1.858	0.81787	13.15313
1.859	0.81911	13.16101
1.860	0.82035	13.16888
1.861	0.82159	13.17675
1.862	0.82284	13.18463
1.863	0.82408	13.19250
1.864	0.82533	13.20038
1.865	0.82657	13.20825
1.866	0.82782	13.21613
1.867	0.82907	13.22400
1.868	0.83032	13.23188
1.869	0.83157	13.23976
1.870	0.83282	13.24763
1.871	0.83408	13.25551
1.872	0.83533	13.26338
1.873	0.83659	13.27126
1.874	0.83784	13.27914
1.875	0.83910	13.28701
1.876	0.84036	13.29489
1.877	0.84162	13.30277
1.878	0.84289	13.31064
1.879	0.84415	13.31852
1.880	0.84541	13.32640
1.881	0.84668	13.33428
1.882	0.84794	13.34215
1.883	0.84921	13.35003
1.884	0.85048	13.35791
1.885	0.85175	13.36579
1.886	0.85302	13.37367
1.887	0.85430	13.38155
1.888	0.85557	13.38943
1.889	0.85684	13.39730
1.890	0.85812	13.40518
1.891	0.85940	13.41306
1.892	0.86067	13.42094
1.893	0.86195	13.42882
1.894	0.86323	13.43670
1.895	0.86451	13.44458
1.896	0.86580	13.45246
1.897	0.86708	13.46034
1.898	0.86837	13.46822
1.899	0.86965	13.47610
1.900	0.87094	13.48398
1.901	0.87223	13.49187
1.902	0.87351	13.49975
1.903	0.87480	13.50763
1.904	0.87610	13.51551
1.905	0.87739	13.52339
1.906	0.87868	13.53127
1.907	0.87998	13.53915
1.908	0.88127	13.54704
1.909	0.88257	13.55492
1.910	0.88386	13.56280
1.911	0.88516	13.57068
1.912	0.88646	13.57857
1.913	0.88776	13.58645
1.914	0.88906	13.59433
1.915	0.89037	13.60221
1.916	0.89167	13.61010
1.917	0.89297	13.61798
1.918	0.89428	13.62586
1.919	0.89559	13.63375
1.920	0.89689	13.64163
1.921	0.89820	13.64952
1.922	0.89951	13.65740
1.923	0.90082	13.66529
1.924	0.90214	13.67317
1.925	0.90345	13.68105
1.926	0.90476	13.68894
1.927	0.90608	13.69682
1.928	0.90739	13.70471
1.929	0.90871	13.71259
1.930	0.91003	13.72048
1.931	0.91134	13.72837
1.932	0.91266	13.73625
1.933	0.91398	13.74414
1.934	0.91531	13.75202
1.935	0.91663	13.75991
1.936	0.91795	13.76779
1.937	0.91927	13.77568
1.938	0.92060	13.78357
1.939	0.92193	13.79145
1.940	0.92325	13.79934
1.941	0.92458	13.80723
1.942	0.92591	13.81512
1.943	0.92724	13.82300
1.944	0.92857	13.83089
1.945	0.92990	13.83878
1.946	0.93123	13.84667
1.947	0.93257	13.85455
1.948	0.93390	13.86244
1.949	0.93524	13.87033
1.950	0.93657	13.87822
1.951	0.93791	13.88611
1.952	0.93925	13.89399
1.953	0.94058	13.90188
1.954	0.94192	13.90977
1.955	0.94326	13.91766
1.956	0.94460	13.92555
1.957	0.94595	13.93344
1.958	0.94729	13.94133
1.959	0.94863	13.94922
1.960	0.94998	13.95711
1.961	0.95132	13.96500
1.962	0.95267	13.97289
1.963	0.95402	13.98078
1.964	0.95536	13.98867
1.965	0.95671	13.99656
1.966	0.95806	14.00445
1.967	0.95941	14.01234
1.968	0.96076	14.02023
1.969	0.96211	14.02812
1.970	0.96347	14.03601
1.971	0.96482	14.04390
1.972	0.96618	14.05179
1.973	0.96753	14.05969
1.974	0.96889	14.06758
1.975	0.97024	14.07547
1.976	0.97160	14.08336
1.977	0.97296	14.09125
1.978	0.97432	14.09914
1.979	0.97568	14.10704
1.980	0.97704	14.11493
1.981	0.97840	14.12282
1.982	0.97976	14.13071
1.983	0.98112	14.13861
1.984	0.98249	14.14650
1.985	0.98385	14.15439
1.986	0.98522	14.16229
1.987	0.98658	14.17018
1.988	0.98795	14.17807
1.989	0.98932	14.18597
1.990	0.99068	14.19386
1.991	0.99205	14.20175
1.992	0.99342	14.20965
1.993	0.99479	14.21754
1.994	0.99616	14.22544
1.995	0.99753	14.23333
1.996	0.99890	14.24122
1.997	1.00028	14.24912
1.998	1.00165	14.25701
1.999	1.00303	14.26491
